val_accuracy,val_loss,confidence,train_accuracy,train_loss,used_train_classes,used_val_classes,timestamp,checkpoint_dir_name,should_checkpoint,done,training_iteration,trial_id,date,time_this_iter_s,time_total_s,pid,hostname,node_ip,time_since_restore,iterations_since_restore
68.0000014603138,14.981171607971191,3.417376728853464,0.622,45.370396,"{'CA_Rhexis', 'GR_Idle', 'CA_Hydrodissection', 'LH_Washing', 'CA_Lens_implant_setting-up', 'CA_Irrigation_and_aspiration', 'GR_Developing_the_Space_of_Retzius', 'HC_Retroperitoneal_preparation_of_duodenum_and_pancreatic_head', 'GR_Bladder_neck_reconstruction', 'CA_Incision', 'HC_Mobilization_of_transverse_colon', 'CA_Tonifying_and_antibiotics', 'LH_Dividing_Ligament_and_Peritoneum', 'HC_General_preparation_and_orientation_in_the_abdomen', 'HC_Retroperitoneal_preparation_towards_lower_pancreatic_border', 'HC_Extra-abdominal_preparation_of_anastomosis', 'GR_Left_pelvic_isolated_lymphadenectomy', 'LH_Preparation', 'HC_Dissection_and_resection_of_the_rectum', 'CA_Viscous_agent_injection', 'HC_Mobilization_of_splenic_flexure', 'CA_Capsule_Polishing', 'GR_Right_pelvic_isolated_lymphadenectomy', 'GR_Development_of_the_plane_between_the_prostate_and_rectum', 'HC_Finalization_of_operation', 'LH_Suturing', 'GR_Bladder_neck_identification_and_transection', 'HC_Creation_of_stoma', 'HC_Dissection_of_lymph_nodes_and_blood_vessels_en_bloc', 'HC_Intra-abdominal_preparation_of_anastomosis', 'CA_Viscous_agent_removal', 'LH_Dividing_Uterine_Vessels_and_Ligament', 'CA_Phacoemulsificiation', 'HC_Mobilization_of_ascending_colon', 'GR_Seminal_vesicle_dissection', 'LH_Specimen_Removal', 'LH_Transecting_the_Vagina'}","{'M2_Calot_Triangle_Dissection', 'HCH_Galbladder_Packaging', 'HCH_Clipping_Cutting', 'HCH_Preparation', 'M2_Clipping_Cutting', 'M2_Cleaning_Coagulation', 'M2_Preparation', 'HCH_Galbladder_Retraction', 'M2_Gallbladder_Dissection', 'M2_Gallbladder_Packaging', 'HCH_Galbladder_Dissection', 'M2_Trocar_Placement', 'HCH_Cleaning_Coagulation', 'M2_Gallbladder_Retraction', 'HCH_Calot_Triangle_Dissection'}",1717391164,checkpoint_000000,True,False,1,563c6_00008,2024-06-03_07-06-04,93.67276644706726,93.67276644706726,2754764,fb-OMEN-by-HP-45L-Gaming-Desktop-GT22-0xxx,129.69.82.151,93.67276644706726,1
67.2000012844801,12.40043830871582,4.130720308948068,0.6853333,28.566217,"{'CA_Rhexis', 'GR_Idle', 'CA_Hydrodissection', 'LH_Washing', 'GR_Ligation_of_the_deep_dorsal_venous_complex', 'GR_Developing_the_Space_of_Retzius', 'HC_Mobilization_of_sigmoid_colon_and_descending_colon', 'HC_Retroperitoneal_preparation_of_duodenum_and_pancreatic_head', 'GR_Bladder_neck_reconstruction', 'CA_Incision', 'CA_Tonifying_and_antibiotics', 'LH_Dividing_Ligament_and_Peritoneum', 'HC_General_preparation_and_orientation_in_the_abdomen', 'HC_Extra-abdominal_preparation_of_anastomosis', 'GR_Prostatic_pedicle_control', 'LH_Preparation', 'HC_Dissection_and_resection_of_the_rectum', 'CA_Viscous_agent_injection', 'HC_Mobilization_of_splenic_flexure', 'GR_Right_pelvic_isolated_lymphadenectomy', 'GR_Development_of_the_plane_between_the_prostate_and_rectum', 'HC_Finalization_of_operation', 'LH_Suturing', 'GR_Bladder_neck_identification_and_transection', 'GR_Severing_of_the_prostate_from_the_urethra', 'HC_Creation_of_stoma', 'HC_Dissection_of_lymph_nodes_and_blood_vessels_en_bloc', 'CA_Viscous_agent_removal', 'LH_Dividing_Uterine_Vessels_and_Ligament', 'CA_Phacoemulsificiation', 'HC_Mobilization_of_ascending_colon', 'GR_Seminal_vesicle_dissection', 'LH_Specimen_Removal', 'LH_Transecting_the_Vagina'}","{'M2_Calot_Triangle_Dissection', 'HCH_Galbladder_Packaging', 'HCH_Clipping_Cutting', 'HCH_Preparation', 'M2_Clipping_Cutting', 'M2_Cleaning_Coagulation', 'M2_Preparation', 'HCH_Galbladder_Retraction', 'M2_Gallbladder_Dissection', 'M2_Gallbladder_Packaging', 'HCH_Galbladder_Dissection', 'M2_Trocar_Placement', 'HCH_Cleaning_Coagulation', 'M2_Gallbladder_Retraction', 'HCH_Calot_Triangle_Dissection'}",1717391254,checkpoint_000001,True,False,2,563c6_00008,2024-06-03_07-07-34,90.55348372459412,184.22625017166138,2754764,fb-OMEN-by-HP-45L-Gaming-Desktop-GT22-0xxx,129.69.82.151,184.22625017166138,2
71.20000119507313,9.986563682556152,3.932523944333179,0.76,22.026628,"{'CA_Rhexis', 'GR_Idle', 'CA_Hydrodissection', 'LH_Washing', 'CA_Lens_implant_setting-up', 'CA_Irrigation_and_aspiration', 'GR_Developing_the_Space_of_Retzius', 'HC_Mobilization_of_sigmoid_colon_and_descending_colon', 'HC_Retroperitoneal_preparation_of_duodenum_and_pancreatic_head', 'GR_Bladder_neck_reconstruction', 'HC_Mobilization_of_transverse_colon', 'CA_Tonifying_and_antibiotics', 'LH_Dividing_Ligament_and_Peritoneum', 'HC_Retroperitoneal_preparation_towards_lower_pancreatic_border', 'HC_Extra-abdominal_preparation_of_anastomosis', 'GR_Left_pelvic_isolated_lymphadenectomy', 'GR_Prostatic_pedicle_control', 'LH_Preparation', 'HC_Dissection_and_resection_of_the_rectum', 'CA_Viscous_agent_injection', 'HC_Mobilization_of_splenic_flexure', 'CA_Capsule_Polishing', 'GR_Right_pelvic_isolated_lymphadenectomy', 'GR_Development_of_the_plane_between_the_prostate_and_rectum', 'HC_Finalization_of_operation', 'LH_Suturing', 'GR_Bladder_neck_identification_and_transection', 'GR_Severing_of_the_prostate_from_the_urethra', 'HC_Creation_of_stoma', 'HC_Dissection_of_lymph_nodes_and_blood_vessels_en_bloc', 'HC_Intra-abdominal_preparation_of_anastomosis', 'CA_Viscous_agent_removal', 'LH_Dividing_Uterine_Vessels_and_Ligament', 'CA_Phacoemulsificiation', 'GR_Seminal_vesicle_dissection', 'LH_Specimen_Removal'}","{'M2_Calot_Triangle_Dissection', 'HCH_Galbladder_Packaging', 'HCH_Clipping_Cutting', 'HCH_Preparation', 'M2_Clipping_Cutting', 'M2_Cleaning_Coagulation', 'M2_Preparation', 'HCH_Galbladder_Retraction', 'M2_Gallbladder_Dissection', 'M2_Gallbladder_Packaging', 'HCH_Galbladder_Dissection', 'M2_Trocar_Placement', 'HCH_Cleaning_Coagulation', 'M2_Gallbladder_Retraction', 'HCH_Calot_Triangle_Dissection'}",1717391345,checkpoint_000002,True,False,3,563c6_00008,2024-06-03_07-09-05,90.38177990913391,274.6080300807953,2754764,fb-OMEN-by-HP-45L-Gaming-Desktop-GT22-0xxx,129.69.82.151,274.6080300807953,3
69.40000140666962,10.727112770080566,3.52603939821053,0.7640002,19.938417,"{'CA_Rhexis', 'GR_Idle', 'CA_Hydrodissection', 'LH_Washing', 'CA_Lens_implant_setting-up', 'CA_Irrigation_and_aspiration', 'GR_Ligation_of_the_deep_dorsal_venous_complex', 'GR_Developing_the_Space_of_Retzius', 'HC_Retroperitoneal_preparation_of_duodenum_and_pancreatic_head', 'GR_Bladder_neck_reconstruction', 'CA_Incision', 'CA_Tonifying_and_antibiotics', 'LH_Dividing_Ligament_and_Peritoneum', 'HC_General_preparation_and_orientation_in_the_abdomen', 'HC_Retroperitoneal_preparation_towards_lower_pancreatic_border', 'HC_Extra-abdominal_preparation_of_anastomosis', 'GR_Left_pelvic_isolated_lymphadenectomy', 'GR_Prostatic_pedicle_control', 'LH_Preparation', 'HC_Dissection_and_resection_of_the_rectum', 'CA_Viscous_agent_injection', 'HC_Mobilization_of_splenic_flexure', 'CA_Capsule_Polishing', 'GR_Right_pelvic_isolated_lymphadenectomy', 'GR_Development_of_the_plane_between_the_prostate_and_rectum', 'LH_Suturing', 'GR_Bladder_neck_identification_and_transection', 'GR_Severing_of_the_prostate_from_the_urethra', 'HC_Creation_of_stoma', 'HC_Dissection_of_lymph_nodes_and_blood_vessels_en_bloc', 'HC_Intra-abdominal_preparation_of_anastomosis', 'CA_Viscous_agent_removal', 'LH_Dividing_Uterine_Vessels_and_Ligament', 'CA_Phacoemulsificiation', 'HC_Mobilization_of_ascending_colon', 'GR_Seminal_vesicle_dissection', 'LH_Specimen_Removal', 'LH_Transecting_the_Vagina'}","{'M2_Calot_Triangle_Dissection', 'HCH_Galbladder_Packaging', 'HCH_Clipping_Cutting', 'HCH_Preparation', 'M2_Clipping_Cutting', 'M2_Cleaning_Coagulation', 'M2_Preparation', 'HCH_Galbladder_Retraction', 'M2_Gallbladder_Dissection', 'M2_Gallbladder_Packaging', 'HCH_Galbladder_Dissection', 'M2_Trocar_Placement', 'HCH_Cleaning_Coagulation', 'M2_Gallbladder_Retraction', 'HCH_Calot_Triangle_Dissection'}",1717391435,checkpoint_000003,True,False,4,563c6_00008,2024-06-03_07-10-35,90.58686470985413,365.1948947906494,2754764,fb-OMEN-by-HP-45L-Gaming-Desktop-GT22-0xxx,129.69.82.151,365.1948947906494,4
70.20000138878822,11.835244178771973,3.73923613415445,0.79600006,14.214486,"{'CA_Rhexis', 'GR_Idle', 'CA_Hydrodissection', 'LH_Washing', 'CA_Lens_implant_setting-up', 'CA_Irrigation_and_aspiration', 'GR_Ligation_of_the_deep_dorsal_venous_complex', 'GR_Developing_the_Space_of_Retzius', 'HC_Mobilization_of_sigmoid_colon_and_descending_colon', 'GR_Bladder_neck_reconstruction', 'CA_Incision', 'HC_Mobilization_of_transverse_colon', 'CA_Tonifying_and_antibiotics', 'LH_Dividing_Ligament_and_Peritoneum', 'HC_General_preparation_and_orientation_in_the_abdomen', 'HC_Retroperitoneal_preparation_towards_lower_pancreatic_border', 'HC_Extra-abdominal_preparation_of_anastomosis', 'GR_Left_pelvic_isolated_lymphadenectomy', 'GR_Prostatic_pedicle_control', 'LH_Preparation', 'HC_Dissection_and_resection_of_the_rectum', 'CA_Viscous_agent_injection', 'HC_Mobilization_of_splenic_flexure', 'CA_Capsule_Polishing', 'GR_Right_pelvic_isolated_lymphadenectomy', 'GR_Development_of_the_plane_between_the_prostate_and_rectum', 'HC_Finalization_of_operation', 'LH_Suturing', 'GR_Severing_of_the_prostate_from_the_urethra', 'HC_Creation_of_stoma', 'HC_Dissection_of_lymph_nodes_and_blood_vessels_en_bloc', 'HC_Intra-abdominal_preparation_of_anastomosis', 'CA_Viscous_agent_removal', 'LH_Dividing_Uterine_Vessels_and_Ligament', 'CA_Phacoemulsificiation', 'HC_Mobilization_of_ascending_colon', 'GR_Seminal_vesicle_dissection', 'LH_Specimen_Removal', 'LH_Transecting_the_Vagina'}","{'M2_Calot_Triangle_Dissection', 'HCH_Galbladder_Packaging', 'HCH_Clipping_Cutting', 'HCH_Preparation', 'M2_Clipping_Cutting', 'M2_Cleaning_Coagulation', 'M2_Preparation', 'HCH_Galbladder_Retraction', 'M2_Gallbladder_Dissection', 'M2_Gallbladder_Packaging', 'HCH_Galbladder_Dissection', 'M2_Trocar_Placement', 'HCH_Cleaning_Coagulation', 'M2_Gallbladder_Retraction', 'HCH_Calot_Triangle_Dissection'}",1717391526,checkpoint_000004,True,False,5,563c6_00008,2024-06-03_07-12-06,90.57946014404297,455.7743549346924,2754764,fb-OMEN-by-HP-45L-Gaming-Desktop-GT22-0xxx,129.69.82.151,455.7743549346924,5
69.40000130236149,10.59945011138916,3.9377955651692202,0.83866674,11.229801,"{'CA_Rhexis', 'GR_Idle', 'CA_Hydrodissection', 'LH_Washing', 'CA_Lens_implant_setting-up', 'CA_Irrigation_and_aspiration', 'GR_Ligation_of_the_deep_dorsal_venous_complex', 'GR_Developing_the_Space_of_Retzius', 'HC_Mobilization_of_sigmoid_colon_and_descending_colon', 'HC_Retroperitoneal_preparation_of_duodenum_and_pancreatic_head', 'GR_Bladder_neck_reconstruction', 'CA_Tonifying_and_antibiotics', 'LH_Dividing_Ligament_and_Peritoneum', 'HC_Retroperitoneal_preparation_towards_lower_pancreatic_border', 'HC_Extra-abdominal_preparation_of_anastomosis', 'GR_Left_pelvic_isolated_lymphadenectomy', 'GR_Prostatic_pedicle_control', 'LH_Preparation', 'HC_Dissection_and_resection_of_the_rectum', 'CA_Viscous_agent_injection', 'HC_Mobilization_of_splenic_flexure', 'CA_Capsule_Polishing', 'GR_Right_pelvic_isolated_lymphadenectomy', 'GR_Development_of_the_plane_between_the_prostate_and_rectum', 'HC_Finalization_of_operation', 'LH_Suturing', 'GR_Bladder_neck_identification_and_transection', 'GR_Severing_of_the_prostate_from_the_urethra', 'HC_Creation_of_stoma', 'HC_Dissection_of_lymph_nodes_and_blood_vessels_en_bloc', 'HC_Intra-abdominal_preparation_of_anastomosis', 'CA_Viscous_agent_removal', 'LH_Dividing_Uterine_Vessels_and_Ligament', 'CA_Phacoemulsificiation', 'HC_Mobilization_of_ascending_colon', 'GR_Seminal_vesicle_dissection', 'LH_Specimen_Removal', 'LH_Transecting_the_Vagina'}","{'M2_Calot_Triangle_Dissection', 'HCH_Galbladder_Packaging', 'HCH_Clipping_Cutting', 'HCH_Preparation', 'M2_Clipping_Cutting', 'M2_Cleaning_Coagulation', 'M2_Preparation', 'HCH_Galbladder_Retraction', 'M2_Gallbladder_Dissection', 'M2_Gallbladder_Packaging', 'HCH_Galbladder_Dissection', 'M2_Trocar_Placement', 'HCH_Cleaning_Coagulation', 'M2_Gallbladder_Retraction', 'HCH_Calot_Triangle_Dissection'}",1717391616,checkpoint_000005,True,False,6,563c6_00008,2024-06-03_07-13-36,90.33035182952881,546.1047067642212,2754764,fb-OMEN-by-HP-45L-Gaming-Desktop-GT22-0xxx,129.69.82.151,546.1047067642212,6
71.20000129938126,9.680580139160156,3.9325239212754752,0.8106668,12.368011,"{'CA_Rhexis', 'GR_Idle', 'CA_Lens_implant_setting-up', 'CA_Irrigation_and_aspiration', 'GR_Ligation_of_the_deep_dorsal_venous_complex', 'GR_Developing_the_Space_of_Retzius', 'HC_Mobilization_of_sigmoid_colon_and_descending_colon', 'HC_Retroperitoneal_preparation_of_duodenum_and_pancreatic_head', 'CA_Incision', 'HC_Mobilization_of_transverse_colon', 'CA_Tonifying_and_antibiotics', 'LH_Dividing_Ligament_and_Peritoneum', 'HC_General_preparation_and_orientation_in_the_abdomen', 'HC_Retroperitoneal_preparation_towards_lower_pancreatic_border', 'HC_Extra-abdominal_preparation_of_anastomosis', 'GR_Left_pelvic_isolated_lymphadenectomy', 'GR_Prostatic_pedicle_control', 'LH_Preparation', 'HC_Dissection_and_resection_of_the_rectum', 'CA_Viscous_agent_injection', 'HC_Mobilization_of_splenic_flexure', 'CA_Capsule_Polishing', 'GR_Right_pelvic_isolated_lymphadenectomy', 'GR_Development_of_the_plane_between_the_prostate_and_rectum', 'HC_Finalization_of_operation', 'LH_Suturing', 'GR_Bladder_neck_identification_and_transection', 'GR_Severing_of_the_prostate_from_the_urethra', 'HC_Creation_of_stoma', 'HC_Dissection_of_lymph_nodes_and_blood_vessels_en_bloc', 'HC_Intra-abdominal_preparation_of_anastomosis', 'LH_Dividing_Uterine_Vessels_and_Ligament', 'CA_Phacoemulsificiation', 'GR_Seminal_vesicle_dissection', 'LH_Specimen_Removal', 'LH_Transecting_the_Vagina'}","{'M2_Calot_Triangle_Dissection', 'HCH_Galbladder_Packaging', 'HCH_Clipping_Cutting', 'HCH_Preparation', 'M2_Clipping_Cutting', 'M2_Cleaning_Coagulation', 'M2_Preparation', 'HCH_Galbladder_Retraction', 'M2_Gallbladder_Dissection', 'M2_Gallbladder_Packaging', 'HCH_Galbladder_Dissection', 'M2_Trocar_Placement', 'HCH_Cleaning_Coagulation', 'M2_Gallbladder_Retraction', 'HCH_Calot_Triangle_Dissection'}",1717391707,checkpoint_000006,True,False,7,563c6_00008,2024-06-03_07-15-07,90.4227204322815,636.5274271965027,2754764,fb-OMEN-by-HP-45L-Gaming-Desktop-GT22-0xxx,129.69.82.151,636.5274271965027,7
72.60000120103359,9.18313980102539,4.0227298193350745,0.8333334,12.70824,"{'CA_Rhexis', 'GR_Idle', 'CA_Hydrodissection', 'LH_Washing', 'CA_Lens_implant_setting-up', 'CA_Irrigation_and_aspiration', 'GR_Ligation_of_the_deep_dorsal_venous_complex', 'GR_Developing_the_Space_of_Retzius', 'HC_Mobilization_of_sigmoid_colon_and_descending_colon', 'HC_Retroperitoneal_preparation_of_duodenum_and_pancreatic_head', 'GR_Bladder_neck_reconstruction', 'CA_Incision', 'HC_Mobilization_of_transverse_colon', 'CA_Tonifying_and_antibiotics', 'LH_Dividing_Ligament_and_Peritoneum', 'HC_General_preparation_and_orientation_in_the_abdomen', 'HC_Retroperitoneal_preparation_towards_lower_pancreatic_border', 'GR_Left_pelvic_isolated_lymphadenectomy', 'GR_Prostatic_pedicle_control', 'LH_Preparation', 'HC_Dissection_and_resection_of_the_rectum', 'CA_Viscous_agent_injection', 'HC_Mobilization_of_splenic_flexure', 'GR_Right_pelvic_isolated_lymphadenectomy', 'HC_Finalization_of_operation', 'LH_Suturing', 'GR_Bladder_neck_identification_and_transection', 'GR_Severing_of_the_prostate_from_the_urethra', 'HC_Creation_of_stoma', 'HC_Dissection_of_lymph_nodes_and_blood_vessels_en_bloc', 'HC_Intra-abdominal_preparation_of_anastomosis', 'CA_Viscous_agent_removal', 'LH_Dividing_Uterine_Vessels_and_Ligament', 'CA_Phacoemulsificiation', 'HC_Mobilization_of_ascending_colon', 'GR_Seminal_vesicle_dissection', 'LH_Specimen_Removal', 'LH_Transecting_the_Vagina'}","{'M2_Calot_Triangle_Dissection', 'HCH_Galbladder_Packaging', 'HCH_Clipping_Cutting', 'HCH_Preparation', 'M2_Clipping_Cutting', 'M2_Cleaning_Coagulation', 'M2_Preparation', 'HCH_Galbladder_Retraction', 'M2_Gallbladder_Dissection', 'M2_Gallbladder_Packaging', 'HCH_Galbladder_Dissection', 'M2_Trocar_Placement', 'HCH_Cleaning_Coagulation', 'M2_Gallbladder_Retraction', 'HCH_Calot_Triangle_Dissection'}",1717391797,checkpoint_000007,True,False,8,563c6_00008,2024-06-03_07-16-37,90.62299418449402,727.1504213809967,2754764,fb-OMEN-by-HP-45L-Gaming-Desktop-GT22-0xxx,129.69.82.151,727.1504213809967,8
75.80000120401382,8.118857383728027,3.5190596864667176,0.85600007,8.600201,"{'CA_Rhexis', 'GR_Idle', 'CA_Hydrodissection', 'LH_Washing', 'CA_Irrigation_and_aspiration', 'GR_Ligation_of_the_deep_dorsal_venous_complex', 'GR_Developing_the_Space_of_Retzius', 'HC_Mobilization_of_sigmoid_colon_and_descending_colon', 'HC_Retroperitoneal_preparation_of_duodenum_and_pancreatic_head', 'GR_Bladder_neck_reconstruction', 'CA_Incision', 'HC_Mobilization_of_transverse_colon', 'CA_Tonifying_and_antibiotics', 'LH_Dividing_Ligament_and_Peritoneum', 'HC_General_preparation_and_orientation_in_the_abdomen', 'HC_Retroperitoneal_preparation_towards_lower_pancreatic_border', 'HC_Extra-abdominal_preparation_of_anastomosis', 'GR_Left_pelvic_isolated_lymphadenectomy', 'GR_Prostatic_pedicle_control', 'LH_Preparation', 'HC_Dissection_and_resection_of_the_rectum', 'CA_Viscous_agent_injection', 'HC_Mobilization_of_splenic_flexure', 'CA_Capsule_Polishing', 'GR_Right_pelvic_isolated_lymphadenectomy', 'GR_Development_of_the_plane_between_the_prostate_and_rectum', 'HC_Finalization_of_operation', 'LH_Suturing', 'GR_Bladder_neck_identification_and_transection', 'GR_Severing_of_the_prostate_from_the_urethra', 'HC_Creation_of_stoma', 'HC_Dissection_of_lymph_nodes_and_blood_vessels_en_bloc', 'HC_Intra-abdominal_preparation_of_anastomosis', 'CA_Viscous_agent_removal', 'LH_Dividing_Uterine_Vessels_and_Ligament', 'HC_Mobilization_of_ascending_colon', 'GR_Seminal_vesicle_dissection', 'LH_Specimen_Removal', 'LH_Transecting_the_Vagina'}","{'M2_Calot_Triangle_Dissection', 'HCH_Galbladder_Packaging', 'HCH_Clipping_Cutting', 'HCH_Preparation', 'M2_Clipping_Cutting', 'M2_Cleaning_Coagulation', 'M2_Preparation', 'HCH_Galbladder_Retraction', 'M2_Gallbladder_Dissection', 'M2_Gallbladder_Packaging', 'HCH_Galbladder_Dissection', 'M2_Trocar_Placement', 'HCH_Cleaning_Coagulation', 'M2_Gallbladder_Retraction', 'HCH_Calot_Triangle_Dissection'}",1717391887,checkpoint_000008,True,False,9,563c6_00008,2024-06-03_07-18-07,90.13938426971436,817.2898056507111,2754764,fb-OMEN-by-HP-45L-Gaming-Desktop-GT22-0xxx,129.69.82.151,817.2898056507111,9
72.00000134110451,9.499506950378418,3.6352583633110527,0.8713335,9.603148,"{'CA_Rhexis', 'CA_Hydrodissection', 'LH_Washing', 'CA_Irrigation_and_aspiration', 'GR_Developing_the_Space_of_Retzius', 'HC_Mobilization_of_sigmoid_colon_and_descending_colon', 'CA_Incision', 'HC_Mobilization_of_transverse_colon', 'CA_Tonifying_and_antibiotics', 'LH_Dividing_Ligament_and_Peritoneum', 'HC_General_preparation_and_orientation_in_the_abdomen', 'HC_Retroperitoneal_preparation_towards_lower_pancreatic_border', 'HC_Extra-abdominal_preparation_of_anastomosis', 'GR_Prostatic_pedicle_control', 'LH_Preparation', 'HC_Dissection_and_resection_of_the_rectum', 'CA_Viscous_agent_injection', 'HC_Mobilization_of_splenic_flexure', 'CA_Capsule_Polishing', 'GR_Right_pelvic_isolated_lymphadenectomy', 'HC_Finalization_of_operation', 'LH_Suturing', 'GR_Bladder_neck_identification_and_transection', 'GR_Severing_of_the_prostate_from_the_urethra', 'HC_Creation_of_stoma', 'HC_Dissection_of_lymph_nodes_and_blood_vessels_en_bloc', 'HC_Intra-abdominal_preparation_of_anastomosis', 'CA_Viscous_agent_removal', 'LH_Dividing_Uterine_Vessels_and_Ligament', 'CA_Phacoemulsificiation', 'HC_Mobilization_of_ascending_colon', 'LH_Specimen_Removal', 'LH_Transecting_the_Vagina'}","{'M2_Calot_Triangle_Dissection', 'HCH_Galbladder_Packaging', 'HCH_Clipping_Cutting', 'HCH_Preparation', 'M2_Clipping_Cutting', 'M2_Cleaning_Coagulation', 'M2_Preparation', 'HCH_Galbladder_Retraction', 'M2_Gallbladder_Dissection', 'M2_Gallbladder_Packaging', 'HCH_Galbladder_Dissection', 'M2_Trocar_Placement', 'HCH_Cleaning_Coagulation', 'M2_Gallbladder_Retraction', 'HCH_Calot_Triangle_Dissection'}",1717391978,checkpoint_000009,True,False,10,563c6_00008,2024-06-03_07-19-38,90.3103256225586,907.6001312732697,2754764,fb-OMEN-by-HP-45L-Gaming-Desktop-GT22-0xxx,129.69.82.151,907.6001312732697,10
71.60000126063824,8.217428207397461,3.847994611497474,0.8753334,8.236918,"{'CA_Rhexis', 'GR_Idle', 'CA_Hydrodissection', 'LH_Washing', 'CA_Irrigation_and_aspiration', 'GR_Ligation_of_the_deep_dorsal_venous_complex', 'GR_Developing_the_Space_of_Retzius', 'HC_Mobilization_of_sigmoid_colon_and_descending_colon', 'HC_Mobilization_of_transverse_colon', 'CA_Tonifying_and_antibiotics', 'LH_Dividing_Ligament_and_Peritoneum', 'HC_General_preparation_and_orientation_in_the_abdomen', 'HC_Retroperitoneal_preparation_towards_lower_pancreatic_border', 'HC_Extra-abdominal_preparation_of_anastomosis', 'GR_Left_pelvic_isolated_lymphadenectomy', 'GR_Prostatic_pedicle_control', 'LH_Preparation', 'HC_Dissection_and_resection_of_the_rectum', 'CA_Viscous_agent_injection', 'HC_Mobilization_of_splenic_flexure', 'CA_Capsule_Polishing', 'GR_Right_pelvic_isolated_lymphadenectomy', 'GR_Development_of_the_plane_between_the_prostate_and_rectum', 'GR_Bladder_neck_identification_and_transection', 'GR_Severing_of_the_prostate_from_the_urethra', 'HC_Creation_of_stoma', 'HC_Dissection_of_lymph_nodes_and_blood_vessels_en_bloc', 'HC_Intra-abdominal_preparation_of_anastomosis', 'LH_Dividing_Uterine_Vessels_and_Ligament', 'CA_Phacoemulsificiation', 'HC_Mobilization_of_ascending_colon', 'GR_Seminal_vesicle_dissection', 'LH_Specimen_Removal', 'LH_Transecting_the_Vagina'}","{'M2_Calot_Triangle_Dissection', 'HCH_Galbladder_Packaging', 'HCH_Clipping_Cutting', 'HCH_Preparation', 'M2_Clipping_Cutting', 'M2_Cleaning_Coagulation', 'M2_Preparation', 'HCH_Galbladder_Retraction', 'M2_Gallbladder_Dissection', 'M2_Gallbladder_Packaging', 'HCH_Galbladder_Dissection', 'M2_Trocar_Placement', 'HCH_Cleaning_Coagulation', 'M2_Gallbladder_Retraction', 'HCH_Calot_Triangle_Dissection'}",1717392068,checkpoint_000010,True,False,11,563c6_00008,2024-06-03_07-21-08,90.72328114509583,998.3234124183655,2754764,fb-OMEN-by-HP-45L-Gaming-Desktop-GT22-0xxx,129.69.82.151,998.3234124183655,11
73.00000120699406,8.641852378845215,3.9735343642631733,0.8806668,6.798627,"{'CA_Rhexis', 'GR_Idle', 'CA_Hydrodissection', 'LH_Washing', 'CA_Lens_implant_setting-up', 'CA_Irrigation_and_aspiration', 'GR_Ligation_of_the_deep_dorsal_venous_complex', 'HC_Mobilization_of_sigmoid_colon_and_descending_colon', 'HC_Retroperitoneal_preparation_of_duodenum_and_pancreatic_head', 'CA_Incision', 'HC_Mobilization_of_transverse_colon', 'CA_Tonifying_and_antibiotics', 'LH_Dividing_Ligament_and_Peritoneum', 'HC_General_preparation_and_orientation_in_the_abdomen', 'HC_Retroperitoneal_preparation_towards_lower_pancreatic_border', 'HC_Extra-abdominal_preparation_of_anastomosis', 'GR_Left_pelvic_isolated_lymphadenectomy', 'GR_Prostatic_pedicle_control', 'LH_Preparation', 'HC_Dissection_and_resection_of_the_rectum', 'CA_Viscous_agent_injection', 'HC_Mobilization_of_splenic_flexure', 'CA_Capsule_Polishing', 'GR_Right_pelvic_isolated_lymphadenectomy', 'GR_Development_of_the_plane_between_the_prostate_and_rectum', 'HC_Finalization_of_operation', 'LH_Suturing', 'GR_Bladder_neck_identification_and_transection', 'GR_Severing_of_the_prostate_from_the_urethra', 'HC_Creation_of_stoma', 'HC_Dissection_of_lymph_nodes_and_blood_vessels_en_bloc', 'HC_Intra-abdominal_preparation_of_anastomosis', 'CA_Viscous_agent_removal', 'LH_Dividing_Uterine_Vessels_and_Ligament', 'CA_Phacoemulsificiation', 'GR_Seminal_vesicle_dissection', 'LH_Specimen_Removal', 'LH_Transecting_the_Vagina'}","{'M2_Calot_Triangle_Dissection', 'HCH_Galbladder_Packaging', 'HCH_Clipping_Cutting', 'HCH_Preparation', 'M2_Clipping_Cutting', 'M2_Cleaning_Coagulation', 'M2_Preparation', 'HCH_Galbladder_Retraction', 'M2_Gallbladder_Dissection', 'M2_Gallbladder_Packaging', 'HCH_Galbladder_Dissection', 'M2_Trocar_Placement', 'HCH_Cleaning_Coagulation', 'M2_Gallbladder_Retraction', 'HCH_Calot_Triangle_Dissection'}",1717392159,checkpoint_000011,True,False,12,563c6_00008,2024-06-03_07-22-39,90.54512071609497,1088.8685331344604,2754764,fb-OMEN-by-HP-45L-Gaming-Desktop-GT22-0xxx,129.69.82.151,1088.8685331344604,12
71.6000013500452,8.085113525390625,3.6004297514984236,0.87933344,7.0716186,"{'CA_Rhexis', 'GR_Idle', 'CA_Hydrodissection', 'LH_Washing', 'CA_Lens_implant_setting-up', 'CA_Irrigation_and_aspiration', 'GR_Ligation_of_the_deep_dorsal_venous_complex', 'GR_Developing_the_Space_of_Retzius', 'HC_Mobilization_of_sigmoid_colon_and_descending_colon', 'HC_Retroperitoneal_preparation_of_duodenum_and_pancreatic_head', 'GR_Bladder_neck_reconstruction', 'HC_Mobilization_of_transverse_colon', 'CA_Tonifying_and_antibiotics', 'LH_Dividing_Ligament_and_Peritoneum', 'HC_Retroperitoneal_preparation_towards_lower_pancreatic_border', 'GR_Left_pelvic_isolated_lymphadenectomy', 'GR_Prostatic_pedicle_control', 'LH_Preparation', 'HC_Dissection_and_resection_of_the_rectum', 'CA_Viscous_agent_injection', 'HC_Mobilization_of_splenic_flexure', 'CA_Capsule_Polishing', 'GR_Right_pelvic_isolated_lymphadenectomy', 'GR_Development_of_the_plane_between_the_prostate_and_rectum', 'HC_Finalization_of_operation', 'LH_Suturing', 'GR_Bladder_neck_identification_and_transection', 'GR_Severing_of_the_prostate_from_the_urethra', 'HC_Creation_of_stoma', 'HC_Dissection_of_lymph_nodes_and_blood_vessels_en_bloc', 'HC_Intra-abdominal_preparation_of_anastomosis', 'CA_Viscous_agent_removal', 'LH_Dividing_Uterine_Vessels_and_Ligament', 'CA_Phacoemulsificiation', 'HC_Mobilization_of_ascending_colon', 'GR_Seminal_vesicle_dissection', 'LH_Specimen_Removal', 'LH_Transecting_the_Vagina'}","{'M2_Calot_Triangle_Dissection', 'HCH_Galbladder_Packaging', 'HCH_Clipping_Cutting', 'HCH_Preparation', 'M2_Clipping_Cutting', 'M2_Cleaning_Coagulation', 'M2_Preparation', 'HCH_Galbladder_Retraction', 'M2_Gallbladder_Dissection', 'M2_Gallbladder_Packaging', 'HCH_Galbladder_Dissection', 'M2_Trocar_Placement', 'HCH_Cleaning_Coagulation', 'M2_Gallbladder_Retraction', 'HCH_Calot_Triangle_Dissection'}",1717392249,checkpoint_000012,True,False,13,563c6_00008,2024-06-03_07-24-09,90.5547046661377,1179.4232378005981,2754764,fb-OMEN-by-HP-45L-Gaming-Desktop-GT22-0xxx,129.69.82.151,1179.4232378005981,13
72.80000120401382,8.835088729858398,3.6571729542160405,0.88733345,6.3834467,"{'CA_Rhexis', 'GR_Idle', 'CA_Hydrodissection', 'LH_Washing', 'CA_Lens_implant_setting-up', 'CA_Irrigation_and_aspiration', 'GR_Developing_the_Space_of_Retzius', 'HC_Mobilization_of_sigmoid_colon_and_descending_colon', 'GR_Bladder_neck_reconstruction', 'HC_Mobilization_of_transverse_colon', 'CA_Tonifying_and_antibiotics', 'LH_Dividing_Ligament_and_Peritoneum', 'HC_General_preparation_and_orientation_in_the_abdomen', 'HC_Retroperitoneal_preparation_towards_lower_pancreatic_border', 'HC_Extra-abdominal_preparation_of_anastomosis', 'GR_Left_pelvic_isolated_lymphadenectomy', 'GR_Prostatic_pedicle_control', 'LH_Preparation', 'HC_Dissection_and_resection_of_the_rectum', 'CA_Viscous_agent_injection', 'HC_Mobilization_of_splenic_flexure', 'GR_Right_pelvic_isolated_lymphadenectomy', 'HC_Finalization_of_operation', 'LH_Suturing', 'GR_Bladder_neck_identification_and_transection', 'GR_Severing_of_the_prostate_from_the_urethra', 'HC_Creation_of_stoma', 'HC_Dissection_of_lymph_nodes_and_blood_vessels_en_bloc', 'HC_Intra-abdominal_preparation_of_anastomosis', 'LH_Dividing_Uterine_Vessels_and_Ligament', 'CA_Phacoemulsificiation', 'HC_Mobilization_of_ascending_colon', 'GR_Seminal_vesicle_dissection', 'LH_Specimen_Removal'}","{'M2_Calot_Triangle_Dissection', 'HCH_Galbladder_Packaging', 'HCH_Clipping_Cutting', 'HCH_Preparation', 'M2_Clipping_Cutting', 'M2_Cleaning_Coagulation', 'M2_Preparation', 'HCH_Galbladder_Retraction', 'M2_Gallbladder_Dissection', 'M2_Gallbladder_Packaging', 'HCH_Galbladder_Dissection', 'M2_Trocar_Placement', 'HCH_Cleaning_Coagulation', 'M2_Gallbladder_Retraction', 'HCH_Calot_Triangle_Dissection'}",1717392340,checkpoint_000013,True,False,14,563c6_00008,2024-06-03_07-25-40,90.59550499916077,1270.018742799759,2754764,fb-OMEN-by-HP-45L-Gaming-Desktop-GT22-0xxx,129.69.82.151,1270.018742799759,14
76.60000111162663,7.1021575927734375,3.842999628452624,0.9266668,5.407926,"{'CA_Rhexis', 'GR_Idle', 'CA_Hydrodissection', 'LH_Washing', 'CA_Lens_implant_setting-up', 'CA_Irrigation_and_aspiration', 'GR_Ligation_of_the_deep_dorsal_venous_complex', 'GR_Developing_the_Space_of_Retzius', 'HC_Mobilization_of_sigmoid_colon_and_descending_colon', 'HC_Retroperitoneal_preparation_of_duodenum_and_pancreatic_head', 'GR_Bladder_neck_reconstruction', 'CA_Incision', 'HC_Mobilization_of_transverse_colon', 'CA_Tonifying_and_antibiotics', 'LH_Dividing_Ligament_and_Peritoneum', 'HC_General_preparation_and_orientation_in_the_abdomen', 'HC_Extra-abdominal_preparation_of_anastomosis', 'GR_Left_pelvic_isolated_lymphadenectomy', 'GR_Prostatic_pedicle_control', 'LH_Preparation', 'HC_Dissection_and_resection_of_the_rectum', 'CA_Viscous_agent_injection', 'HC_Mobilization_of_splenic_flexure', 'CA_Capsule_Polishing', 'GR_Right_pelvic_isolated_lymphadenectomy', 'LH_Suturing', 'GR_Bladder_neck_identification_and_transection', 'GR_Severing_of_the_prostate_from_the_urethra', 'HC_Creation_of_stoma', 'HC_Dissection_of_lymph_nodes_and_blood_vessels_en_bloc', 'HC_Intra-abdominal_preparation_of_anastomosis', 'CA_Viscous_agent_removal', 'LH_Dividing_Uterine_Vessels_and_Ligament', 'CA_Phacoemulsificiation', 'HC_Mobilization_of_ascending_colon', 'GR_Seminal_vesicle_dissection', 'LH_Specimen_Removal', 'LH_Transecting_the_Vagina'}","{'M2_Calot_Triangle_Dissection', 'HCH_Galbladder_Packaging', 'HCH_Clipping_Cutting', 'HCH_Preparation', 'M2_Clipping_Cutting', 'M2_Cleaning_Coagulation', 'M2_Preparation', 'HCH_Galbladder_Retraction', 'M2_Gallbladder_Dissection', 'M2_Gallbladder_Packaging', 'HCH_Galbladder_Dissection', 'M2_Trocar_Placement', 'HCH_Cleaning_Coagulation', 'M2_Gallbladder_Retraction', 'HCH_Calot_Triangle_Dissection'}",1717392430,checkpoint_000014,True,False,15,563c6_00008,2024-06-03_07-27-10,90.3945746421814,1360.4133174419403,2754764,fb-OMEN-by-HP-45L-Gaming-Desktop-GT22-0xxx,129.69.82.151,1360.4133174419403,15
73.8000011742115,8.385342597961426,3.868505695938032,0.9086668,5.4376454,"{'CA_Rhexis', 'GR_Idle', 'CA_Hydrodissection', 'LH_Washing', 'CA_Lens_implant_setting-up', 'CA_Irrigation_and_aspiration', 'GR_Ligation_of_the_deep_dorsal_venous_complex', 'GR_Developing_the_Space_of_Retzius', 'HC_Mobilization_of_sigmoid_colon_and_descending_colon', 'GR_Bladder_neck_reconstruction', 'CA_Incision', 'CA_Tonifying_and_antibiotics', 'LH_Dividing_Ligament_and_Peritoneum', 'HC_General_preparation_and_orientation_in_the_abdomen', 'HC_Retroperitoneal_preparation_towards_lower_pancreatic_border', 'HC_Extra-abdominal_preparation_of_anastomosis', 'GR_Left_pelvic_isolated_lymphadenectomy', 'GR_Prostatic_pedicle_control', 'LH_Preparation', 'HC_Dissection_and_resection_of_the_rectum', 'CA_Viscous_agent_injection', 'HC_Mobilization_of_splenic_flexure', 'CA_Capsule_Polishing', 'GR_Right_pelvic_isolated_lymphadenectomy', 'GR_Development_of_the_plane_between_the_prostate_and_rectum', 'HC_Finalization_of_operation', 'LH_Suturing', 'GR_Bladder_neck_identification_and_transection', 'GR_Severing_of_the_prostate_from_the_urethra', 'HC_Dissection_of_lymph_nodes_and_blood_vessels_en_bloc', 'HC_Intra-abdominal_preparation_of_anastomosis', 'CA_Viscous_agent_removal', 'LH_Dividing_Uterine_Vessels_and_Ligament', 'CA_Phacoemulsificiation', 'HC_Mobilization_of_ascending_colon', 'GR_Seminal_vesicle_dissection', 'LH_Specimen_Removal', 'LH_Transecting_the_Vagina'}","{'M2_Calot_Triangle_Dissection', 'HCH_Galbladder_Packaging', 'HCH_Clipping_Cutting', 'HCH_Preparation', 'M2_Clipping_Cutting', 'M2_Cleaning_Coagulation', 'M2_Preparation', 'HCH_Galbladder_Retraction', 'M2_Gallbladder_Dissection', 'M2_Gallbladder_Packaging', 'HCH_Galbladder_Dissection', 'M2_Trocar_Placement', 'HCH_Cleaning_Coagulation', 'M2_Gallbladder_Retraction', 'HCH_Calot_Triangle_Dissection'}",1717392521,checkpoint_000015,True,False,16,563c6_00008,2024-06-03_07-28-41,90.53718185424805,1450.9504992961884,2754764,fb-OMEN-by-HP-45L-Gaming-Desktop-GT22-0xxx,129.69.82.151,1450.9504992961884,16
73.40000128746033,8.473811149597168,3.5085641418270788,0.8993335,5.745464,"{'CA_Rhexis', 'GR_Idle', 'CA_Hydrodissection', 'LH_Washing', 'CA_Lens_implant_setting-up', 'CA_Irrigation_and_aspiration', 'GR_Ligation_of_the_deep_dorsal_venous_complex', 'GR_Developing_the_Space_of_Retzius', 'HC_Mobilization_of_sigmoid_colon_and_descending_colon', 'HC_Retroperitoneal_preparation_of_duodenum_and_pancreatic_head', 'GR_Bladder_neck_reconstruction', 'CA_Incision', 'CA_Tonifying_and_antibiotics', 'LH_Dividing_Ligament_and_Peritoneum', 'HC_General_preparation_and_orientation_in_the_abdomen', 'HC_Retroperitoneal_preparation_towards_lower_pancreatic_border', 'HC_Extra-abdominal_preparation_of_anastomosis', 'GR_Left_pelvic_isolated_lymphadenectomy', 'GR_Prostatic_pedicle_control', 'LH_Preparation', 'HC_Dissection_and_resection_of_the_rectum', 'CA_Viscous_agent_injection', 'HC_Mobilization_of_splenic_flexure', 'CA_Capsule_Polishing', 'GR_Right_pelvic_isolated_lymphadenectomy', 'GR_Development_of_the_plane_between_the_prostate_and_rectum', 'HC_Finalization_of_operation', 'LH_Suturing', 'GR_Bladder_neck_identification_and_transection', 'HC_Creation_of_stoma', 'HC_Dissection_of_lymph_nodes_and_blood_vessels_en_bloc', 'CA_Viscous_agent_removal', 'LH_Dividing_Uterine_Vessels_and_Ligament', 'CA_Phacoemulsificiation', 'HC_Mobilization_of_ascending_colon', 'GR_Seminal_vesicle_dissection', 'LH_Specimen_Removal', 'LH_Transecting_the_Vagina'}","{'M2_Calot_Triangle_Dissection', 'HCH_Galbladder_Packaging', 'HCH_Clipping_Cutting', 'HCH_Preparation', 'M2_Clipping_Cutting', 'M2_Cleaning_Coagulation', 'M2_Preparation', 'HCH_Galbladder_Retraction', 'M2_Gallbladder_Dissection', 'M2_Gallbladder_Packaging', 'HCH_Galbladder_Dissection', 'M2_Trocar_Placement', 'HCH_Cleaning_Coagulation', 'M2_Gallbladder_Retraction', 'HCH_Calot_Triangle_Dissection'}",1717392611,checkpoint_000016,True,False,17,563c6_00008,2024-06-03_07-30-11,90.4221453666687,1541.372644662857,2754764,fb-OMEN-by-HP-45L-Gaming-Desktop-GT22-0xxx,129.69.82.151,1541.372644662857,17
71.80000130832195,8.07900333404541,3.421645765302965,0.93000007,4.5672483,"{'CA_Rhexis', 'GR_Idle', 'CA_Hydrodissection', 'LH_Washing', 'CA_Lens_implant_setting-up', 'CA_Irrigation_and_aspiration', 'GR_Ligation_of_the_deep_dorsal_venous_complex', 'GR_Developing_the_Space_of_Retzius', 'HC_Mobilization_of_sigmoid_colon_and_descending_colon', 'HC_Retroperitoneal_preparation_of_duodenum_and_pancreatic_head', 'GR_Bladder_neck_reconstruction', 'CA_Incision', 'CA_Tonifying_and_antibiotics', 'LH_Dividing_Ligament_and_Peritoneum', 'HC_General_preparation_and_orientation_in_the_abdomen', 'HC_Extra-abdominal_preparation_of_anastomosis', 'GR_Prostatic_pedicle_control', 'LH_Preparation', 'CA_Viscous_agent_injection', 'HC_Mobilization_of_splenic_flexure', 'CA_Capsule_Polishing', 'GR_Right_pelvic_isolated_lymphadenectomy', 'GR_Development_of_the_plane_between_the_prostate_and_rectum', 'HC_Finalization_of_operation', 'LH_Suturing', 'GR_Severing_of_the_prostate_from_the_urethra', 'HC_Creation_of_stoma', 'HC_Dissection_of_lymph_nodes_and_blood_vessels_en_bloc', 'HC_Intra-abdominal_preparation_of_anastomosis', 'CA_Viscous_agent_removal', 'LH_Dividing_Uterine_Vessels_and_Ligament', 'CA_Phacoemulsificiation', 'HC_Mobilization_of_ascending_colon', 'GR_Seminal_vesicle_dissection', 'LH_Specimen_Removal', 'LH_Transecting_the_Vagina'}","{'M2_Calot_Triangle_Dissection', 'HCH_Galbladder_Packaging', 'HCH_Clipping_Cutting', 'HCH_Preparation', 'M2_Clipping_Cutting', 'M2_Cleaning_Coagulation', 'M2_Preparation', 'HCH_Galbladder_Retraction', 'M2_Gallbladder_Dissection', 'M2_Gallbladder_Packaging', 'HCH_Galbladder_Dissection', 'M2_Trocar_Placement', 'HCH_Cleaning_Coagulation', 'M2_Gallbladder_Retraction', 'HCH_Calot_Triangle_Dissection'}",1717392702,checkpoint_000017,True,False,18,563c6_00008,2024-06-03_07-31-42,90.31821322441101,1631.690857887268,2754764,fb-OMEN-by-HP-45L-Gaming-Desktop-GT22-0xxx,129.69.82.151,1631.690857887268,18
73.80000118911266,8.053738594055176,3.664518576197486,0.90466666,5.464624,"{'CA_Rhexis', 'GR_Idle', 'CA_Hydrodissection', 'LH_Washing', 'CA_Lens_implant_setting-up', 'CA_Irrigation_and_aspiration', 'GR_Ligation_of_the_deep_dorsal_venous_complex', 'GR_Developing_the_Space_of_Retzius', 'HC_Mobilization_of_sigmoid_colon_and_descending_colon', 'CA_Incision', 'HC_Mobilization_of_transverse_colon', 'CA_Tonifying_and_antibiotics', 'LH_Dividing_Ligament_and_Peritoneum', 'HC_General_preparation_and_orientation_in_the_abdomen', 'HC_Retroperitoneal_preparation_towards_lower_pancreatic_border', 'HC_Extra-abdominal_preparation_of_anastomosis', 'GR_Left_pelvic_isolated_lymphadenectomy', 'LH_Preparation', 'HC_Dissection_and_resection_of_the_rectum', 'CA_Viscous_agent_injection', 'HC_Mobilization_of_splenic_flexure', 'CA_Capsule_Polishing', 'GR_Right_pelvic_isolated_lymphadenectomy', 'GR_Development_of_the_plane_between_the_prostate_and_rectum', 'HC_Finalization_of_operation', 'LH_Suturing', 'GR_Bladder_neck_identification_and_transection', 'HC_Dissection_of_lymph_nodes_and_blood_vessels_en_bloc', 'HC_Intra-abdominal_preparation_of_anastomosis', 'CA_Viscous_agent_removal', 'LH_Dividing_Uterine_Vessels_and_Ligament', 'CA_Phacoemulsificiation', 'HC_Mobilization_of_ascending_colon', 'GR_Seminal_vesicle_dissection', 'LH_Transecting_the_Vagina'}","{'M2_Calot_Triangle_Dissection', 'HCH_Galbladder_Packaging', 'HCH_Clipping_Cutting', 'HCH_Preparation', 'M2_Clipping_Cutting', 'M2_Cleaning_Coagulation', 'M2_Preparation', 'HCH_Galbladder_Retraction', 'M2_Gallbladder_Dissection', 'M2_Gallbladder_Packaging', 'HCH_Galbladder_Dissection', 'M2_Trocar_Placement', 'HCH_Cleaning_Coagulation', 'M2_Gallbladder_Retraction', 'HCH_Calot_Triangle_Dissection'}",1717392792,checkpoint_000018,True,False,19,563c6_00008,2024-06-03_07-33-12,90.04790782928467,1721.7387657165527,2754764,fb-OMEN-by-HP-45L-Gaming-Desktop-GT22-0xxx,129.69.82.151,1721.7387657165527,19
72.20000123977661,8.003220558166504,4.1446469092547265,0.92600006,4.787656,"{'CA_Rhexis', 'CA_Hydrodissection', 'LH_Washing', 'CA_Lens_implant_setting-up', 'CA_Irrigation_and_aspiration', 'GR_Ligation_of_the_deep_dorsal_venous_complex', 'GR_Developing_the_Space_of_Retzius', 'HC_Mobilization_of_sigmoid_colon_and_descending_colon', 'HC_Retroperitoneal_preparation_of_duodenum_and_pancreatic_head', 'GR_Bladder_neck_reconstruction', 'CA_Incision', 'HC_Mobilization_of_transverse_colon', 'CA_Tonifying_and_antibiotics', 'LH_Dividing_Ligament_and_Peritoneum', 'HC_General_preparation_and_orientation_in_the_abdomen', 'HC_Retroperitoneal_preparation_towards_lower_pancreatic_border', 'HC_Extra-abdominal_preparation_of_anastomosis', 'GR_Left_pelvic_isolated_lymphadenectomy', 'GR_Prostatic_pedicle_control', 'LH_Preparation', 'HC_Dissection_and_resection_of_the_rectum', 'CA_Viscous_agent_injection', 'HC_Mobilization_of_splenic_flexure', 'CA_Capsule_Polishing', 'GR_Right_pelvic_isolated_lymphadenectomy', 'GR_Development_of_the_plane_between_the_prostate_and_rectum', 'HC_Finalization_of_operation', 'LH_Suturing', 'GR_Bladder_neck_identification_and_transection', 'GR_Severing_of_the_prostate_from_the_urethra', 'HC_Creation_of_stoma', 'HC_Dissection_of_lymph_nodes_and_blood_vessels_en_bloc', 'HC_Intra-abdominal_preparation_of_anastomosis', 'CA_Viscous_agent_removal', 'LH_Dividing_Uterine_Vessels_and_Ligament', 'CA_Phacoemulsificiation', 'HC_Mobilization_of_ascending_colon', 'GR_Seminal_vesicle_dissection', 'LH_Specimen_Removal', 'LH_Transecting_the_Vagina'}","{'M2_Calot_Triangle_Dissection', 'HCH_Galbladder_Packaging', 'HCH_Clipping_Cutting', 'HCH_Preparation', 'M2_Clipping_Cutting', 'M2_Cleaning_Coagulation', 'M2_Preparation', 'HCH_Galbladder_Retraction', 'M2_Gallbladder_Dissection', 'M2_Gallbladder_Packaging', 'HCH_Galbladder_Dissection', 'M2_Trocar_Placement', 'HCH_Cleaning_Coagulation', 'M2_Gallbladder_Retraction', 'HCH_Calot_Triangle_Dissection'}",1717392882,checkpoint_000019,True,False,20,563c6_00008,2024-06-03_07-34-42,90.37249684333801,1812.1112625598907,2754764,fb-OMEN-by-HP-45L-Gaming-Desktop-GT22-0xxx,129.69.82.151,1812.1112625598907,20
70.60000129044056,9.126771926879883,3.8589607094273353,0.9040001,5.8235807,"{'CA_Rhexis', 'GR_Idle', 'CA_Hydrodissection', 'LH_Washing', 'CA_Lens_implant_setting-up', 'CA_Irrigation_and_aspiration', 'GR_Ligation_of_the_deep_dorsal_venous_complex', 'GR_Developing_the_Space_of_Retzius', 'HC_Mobilization_of_sigmoid_colon_and_descending_colon', 'HC_Retroperitoneal_preparation_of_duodenum_and_pancreatic_head', 'GR_Bladder_neck_reconstruction', 'CA_Incision', 'HC_Mobilization_of_transverse_colon', 'LH_Dividing_Ligament_and_Peritoneum', 'HC_General_preparation_and_orientation_in_the_abdomen', 'HC_Retroperitoneal_preparation_towards_lower_pancreatic_border', 'HC_Extra-abdominal_preparation_of_anastomosis', 'GR_Left_pelvic_isolated_lymphadenectomy', 'GR_Prostatic_pedicle_control', 'HC_Dissection_and_resection_of_the_rectum', 'CA_Viscous_agent_injection', 'HC_Mobilization_of_splenic_flexure', 'CA_Capsule_Polishing', 'GR_Right_pelvic_isolated_lymphadenectomy', 'GR_Development_of_the_plane_between_the_prostate_and_rectum', 'HC_Finalization_of_operation', 'LH_Suturing', 'GR_Bladder_neck_identification_and_transection', 'GR_Severing_of_the_prostate_from_the_urethra', 'HC_Creation_of_stoma', 'HC_Dissection_of_lymph_nodes_and_blood_vessels_en_bloc', 'HC_Intra-abdominal_preparation_of_anastomosis', 'CA_Viscous_agent_removal', 'LH_Dividing_Uterine_Vessels_and_Ligament', 'CA_Phacoemulsificiation', 'HC_Mobilization_of_ascending_colon', 'GR_Seminal_vesicle_dissection', 'LH_Specimen_Removal', 'LH_Transecting_the_Vagina'}","{'M2_Calot_Triangle_Dissection', 'HCH_Galbladder_Packaging', 'HCH_Clipping_Cutting', 'HCH_Preparation', 'M2_Clipping_Cutting', 'M2_Cleaning_Coagulation', 'M2_Preparation', 'HCH_Galbladder_Retraction', 'M2_Gallbladder_Dissection', 'M2_Gallbladder_Packaging', 'HCH_Galbladder_Dissection', 'M2_Trocar_Placement', 'HCH_Cleaning_Coagulation', 'M2_Gallbladder_Retraction', 'HCH_Calot_Triangle_Dissection'}",1717392973,checkpoint_000020,True,False,21,563c6_00008,2024-06-03_07-36-13,90.64204835891724,1902.753310918808,2754764,fb-OMEN-by-HP-45L-Gaming-Desktop-GT22-0xxx,129.69.82.151,1902.753310918808,21
74.80000132322311,8.199732780456543,3.3086284972957527,0.9366667,4.0430446,"{'CA_Rhexis', 'CA_Hydrodissection', 'LH_Washing', 'CA_Lens_implant_setting-up', 'CA_Irrigation_and_aspiration', 'GR_Ligation_of_the_deep_dorsal_venous_complex', 'GR_Developing_the_Space_of_Retzius', 'HC_Mobilization_of_sigmoid_colon_and_descending_colon', 'HC_Retroperitoneal_preparation_of_duodenum_and_pancreatic_head', 'GR_Bladder_neck_reconstruction', 'CA_Incision', 'HC_Mobilization_of_transverse_colon', 'CA_Tonifying_and_antibiotics', 'LH_Dividing_Ligament_and_Peritoneum', 'HC_General_preparation_and_orientation_in_the_abdomen', 'HC_Retroperitoneal_preparation_towards_lower_pancreatic_border', 'HC_Extra-abdominal_preparation_of_anastomosis', 'GR_Left_pelvic_isolated_lymphadenectomy', 'LH_Preparation', 'CA_Viscous_agent_injection', 'HC_Mobilization_of_splenic_flexure', 'CA_Capsule_Polishing', 'GR_Right_pelvic_isolated_lymphadenectomy', 'LH_Suturing', 'GR_Bladder_neck_identification_and_transection', 'GR_Severing_of_the_prostate_from_the_urethra', 'HC_Dissection_of_lymph_nodes_and_blood_vessels_en_bloc', 'HC_Intra-abdominal_preparation_of_anastomosis', 'CA_Viscous_agent_removal', 'LH_Dividing_Uterine_Vessels_and_Ligament', 'CA_Phacoemulsificiation', 'HC_Mobilization_of_ascending_colon', 'GR_Seminal_vesicle_dissection', 'LH_Specimen_Removal', 'LH_Transecting_the_Vagina'}","{'M2_Calot_Triangle_Dissection', 'HCH_Galbladder_Packaging', 'HCH_Clipping_Cutting', 'HCH_Preparation', 'M2_Clipping_Cutting', 'M2_Cleaning_Coagulation', 'M2_Preparation', 'HCH_Galbladder_Retraction', 'M2_Gallbladder_Dissection', 'M2_Gallbladder_Packaging', 'HCH_Galbladder_Dissection', 'M2_Trocar_Placement', 'HCH_Cleaning_Coagulation', 'M2_Gallbladder_Retraction', 'HCH_Calot_Triangle_Dissection'}",1717393063,checkpoint_000021,True,False,22,563c6_00008,2024-06-03_07-37-43,90.46001362800598,1993.213324546814,2754764,fb-OMEN-by-HP-45L-Gaming-Desktop-GT22-0xxx,129.69.82.151,1993.213324546814,22
73.00000116229057,8.104360580444336,4.050139666154513,0.94,3.5707073,"{'GR_Idle', 'LH_Washing', 'CA_Lens_implant_setting-up', 'CA_Irrigation_and_aspiration', 'GR_Ligation_of_the_deep_dorsal_venous_complex', 'GR_Developing_the_Space_of_Retzius', 'HC_Mobilization_of_sigmoid_colon_and_descending_colon', 'HC_Retroperitoneal_preparation_of_duodenum_and_pancreatic_head', 'GR_Bladder_neck_reconstruction', 'CA_Incision', 'HC_Mobilization_of_transverse_colon', 'CA_Tonifying_and_antibiotics', 'LH_Dividing_Ligament_and_Peritoneum', 'HC_General_preparation_and_orientation_in_the_abdomen', 'HC_Retroperitoneal_preparation_towards_lower_pancreatic_border', 'GR_Left_pelvic_isolated_lymphadenectomy', 'GR_Prostatic_pedicle_control', 'LH_Preparation', 'HC_Dissection_and_resection_of_the_rectum', 'CA_Viscous_agent_injection', 'HC_Mobilization_of_splenic_flexure', 'CA_Capsule_Polishing', 'GR_Right_pelvic_isolated_lymphadenectomy', 'HC_Finalization_of_operation', 'LH_Suturing', 'GR_Bladder_neck_identification_and_transection', 'GR_Severing_of_the_prostate_from_the_urethra', 'HC_Creation_of_stoma', 'HC_Dissection_of_lymph_nodes_and_blood_vessels_en_bloc', 'HC_Intra-abdominal_preparation_of_anastomosis', 'CA_Viscous_agent_removal', 'LH_Dividing_Uterine_Vessels_and_Ligament', 'CA_Phacoemulsificiation', 'HC_Mobilization_of_ascending_colon', 'GR_Seminal_vesicle_dissection', 'LH_Specimen_Removal', 'LH_Transecting_the_Vagina'}","{'M2_Calot_Triangle_Dissection', 'HCH_Galbladder_Packaging', 'HCH_Clipping_Cutting', 'HCH_Preparation', 'M2_Clipping_Cutting', 'M2_Cleaning_Coagulation', 'M2_Preparation', 'HCH_Galbladder_Retraction', 'M2_Gallbladder_Dissection', 'M2_Gallbladder_Packaging', 'HCH_Galbladder_Dissection', 'M2_Trocar_Placement', 'HCH_Cleaning_Coagulation', 'M2_Gallbladder_Retraction', 'HCH_Calot_Triangle_Dissection'}",1717393154,checkpoint_000022,True,False,23,563c6_00008,2024-06-03_07-39-14,90.69723153114319,2083.910556077957,2754764,fb-OMEN-by-HP-45L-Gaming-Desktop-GT22-0xxx,129.69.82.151,2083.910556077957,23
74.80000126361847,7.794482231140137,3.4894605146536044,0.9413334,3.0783658,"{'CA_Rhexis', 'GR_Idle', 'CA_Hydrodissection', 'LH_Washing', 'CA_Lens_implant_setting-up', 'CA_Irrigation_and_aspiration', 'GR_Ligation_of_the_deep_dorsal_venous_complex', 'HC_Mobilization_of_sigmoid_colon_and_descending_colon', 'HC_Retroperitoneal_preparation_of_duodenum_and_pancreatic_head', 'GR_Bladder_neck_reconstruction', 'CA_Incision', 'HC_Mobilization_of_transverse_colon', 'CA_Tonifying_and_antibiotics', 'LH_Dividing_Ligament_and_Peritoneum', 'HC_Retroperitoneal_preparation_towards_lower_pancreatic_border', 'GR_Left_pelvic_isolated_lymphadenectomy', 'GR_Prostatic_pedicle_control', 'LH_Preparation', 'HC_Dissection_and_resection_of_the_rectum', 'CA_Viscous_agent_injection', 'HC_Mobilization_of_splenic_flexure', 'CA_Capsule_Polishing', 'GR_Right_pelvic_isolated_lymphadenectomy', 'GR_Development_of_the_plane_between_the_prostate_and_rectum', 'HC_Finalization_of_operation', 'LH_Suturing', 'GR_Bladder_neck_identification_and_transection', 'GR_Severing_of_the_prostate_from_the_urethra', 'HC_Dissection_of_lymph_nodes_and_blood_vessels_en_bloc', 'HC_Intra-abdominal_preparation_of_anastomosis', 'CA_Viscous_agent_removal', 'LH_Dividing_Uterine_Vessels_and_Ligament', 'CA_Phacoemulsificiation', 'HC_Mobilization_of_ascending_colon', 'GR_Seminal_vesicle_dissection', 'LH_Specimen_Removal', 'LH_Transecting_the_Vagina'}","{'M2_Calot_Triangle_Dissection', 'HCH_Galbladder_Packaging', 'HCH_Clipping_Cutting', 'HCH_Preparation', 'M2_Clipping_Cutting', 'M2_Cleaning_Coagulation', 'M2_Preparation', 'HCH_Galbladder_Retraction', 'M2_Gallbladder_Dissection', 'M2_Gallbladder_Packaging', 'HCH_Galbladder_Dissection', 'M2_Trocar_Placement', 'HCH_Cleaning_Coagulation', 'M2_Gallbladder_Retraction', 'HCH_Calot_Triangle_Dissection'}",1717393245,checkpoint_000023,True,False,24,563c6_00008,2024-06-03_07-40-45,90.73230147361755,2174.6428575515747,2754764,fb-OMEN-by-HP-45L-Gaming-Desktop-GT22-0xxx,129.69.82.151,2174.6428575515747,24
75.8000011742115,6.76161527633667,3.731008037475571,0.93866676,4.135324,"{'CA_Rhexis', 'CA_Hydrodissection', 'LH_Washing', 'CA_Lens_implant_setting-up', 'CA_Irrigation_and_aspiration', 'GR_Ligation_of_the_deep_dorsal_venous_complex', 'HC_Mobilization_of_sigmoid_colon_and_descending_colon', 'HC_Retroperitoneal_preparation_of_duodenum_and_pancreatic_head', 'GR_Bladder_neck_reconstruction', 'CA_Incision', 'HC_Mobilization_of_transverse_colon', 'CA_Tonifying_and_antibiotics', 'LH_Dividing_Ligament_and_Peritoneum', 'HC_General_preparation_and_orientation_in_the_abdomen', 'HC_Retroperitoneal_preparation_towards_lower_pancreatic_border', 'HC_Extra-abdominal_preparation_of_anastomosis', 'GR_Left_pelvic_isolated_lymphadenectomy', 'GR_Prostatic_pedicle_control', 'LH_Preparation', 'HC_Dissection_and_resection_of_the_rectum', 'CA_Viscous_agent_injection', 'HC_Mobilization_of_splenic_flexure', 'CA_Capsule_Polishing', 'GR_Right_pelvic_isolated_lymphadenectomy', 'GR_Development_of_the_plane_between_the_prostate_and_rectum', 'HC_Finalization_of_operation', 'LH_Suturing', 'GR_Bladder_neck_identification_and_transection', 'HC_Creation_of_stoma', 'HC_Dissection_of_lymph_nodes_and_blood_vessels_en_bloc', 'HC_Intra-abdominal_preparation_of_anastomosis', 'CA_Viscous_agent_removal', 'LH_Dividing_Uterine_Vessels_and_Ligament', 'CA_Phacoemulsificiation', 'HC_Mobilization_of_ascending_colon', 'GR_Seminal_vesicle_dissection', 'LH_Specimen_Removal', 'LH_Transecting_the_Vagina'}","{'M2_Calot_Triangle_Dissection', 'HCH_Galbladder_Packaging', 'HCH_Clipping_Cutting', 'HCH_Preparation', 'M2_Clipping_Cutting', 'M2_Cleaning_Coagulation', 'M2_Preparation', 'HCH_Galbladder_Retraction', 'M2_Gallbladder_Dissection', 'M2_Gallbladder_Packaging', 'HCH_Galbladder_Dissection', 'M2_Trocar_Placement', 'HCH_Cleaning_Coagulation', 'M2_Gallbladder_Retraction', 'HCH_Calot_Triangle_Dissection'}",1717393335,checkpoint_000024,True,False,25,563c6_00008,2024-06-03_07-42-15,90.43623328208923,2265.079090833664,2754764,fb-OMEN-by-HP-45L-Gaming-Desktop-GT22-0xxx,129.69.82.151,2265.079090833664,25
76.00000108778477,6.97554349899292,3.8005809154325667,0.9393335,3.50594,"{'GR_Idle', 'CA_Hydrodissection', 'LH_Washing', 'CA_Lens_implant_setting-up', 'GR_Ligation_of_the_deep_dorsal_venous_complex', 'GR_Developing_the_Space_of_Retzius', 'HC_Mobilization_of_sigmoid_colon_and_descending_colon', 'HC_Retroperitoneal_preparation_of_duodenum_and_pancreatic_head', 'CA_Incision', 'HC_Mobilization_of_transverse_colon', 'CA_Tonifying_and_antibiotics', 'LH_Dividing_Ligament_and_Peritoneum', 'HC_General_preparation_and_orientation_in_the_abdomen', 'HC_Retroperitoneal_preparation_towards_lower_pancreatic_border', 'HC_Extra-abdominal_preparation_of_anastomosis', 'GR_Left_pelvic_isolated_lymphadenectomy', 'GR_Prostatic_pedicle_control', 'LH_Preparation', 'HC_Dissection_and_resection_of_the_rectum', 'CA_Viscous_agent_injection', 'CA_Capsule_Polishing', 'GR_Right_pelvic_isolated_lymphadenectomy', 'GR_Development_of_the_plane_between_the_prostate_and_rectum', 'HC_Finalization_of_operation', 'LH_Suturing', 'GR_Bladder_neck_identification_and_transection', 'GR_Severing_of_the_prostate_from_the_urethra', 'HC_Creation_of_stoma', 'HC_Dissection_of_lymph_nodes_and_blood_vessels_en_bloc', 'CA_Viscous_agent_removal', 'LH_Dividing_Uterine_Vessels_and_Ligament', 'CA_Phacoemulsificiation', 'HC_Mobilization_of_ascending_colon', 'GR_Seminal_vesicle_dissection', 'LH_Specimen_Removal', 'LH_Transecting_the_Vagina'}","{'M2_Calot_Triangle_Dissection', 'HCH_Galbladder_Packaging', 'HCH_Clipping_Cutting', 'HCH_Preparation', 'M2_Clipping_Cutting', 'M2_Cleaning_Coagulation', 'M2_Preparation', 'HCH_Galbladder_Retraction', 'M2_Gallbladder_Dissection', 'M2_Gallbladder_Packaging', 'HCH_Galbladder_Dissection', 'M2_Trocar_Placement', 'HCH_Cleaning_Coagulation', 'M2_Gallbladder_Retraction', 'HCH_Calot_Triangle_Dissection'}",1717393426,checkpoint_000025,True,False,26,563c6_00008,2024-06-03_07-43-46,90.53902173042297,2355.618112564087,2754764,fb-OMEN-by-HP-45L-Gaming-Desktop-GT22-0xxx,129.69.82.151,2355.618112564087,26
73.6000010818243,7.761664390563965,3.8758472863824096,0.952,2.385471,"{'CA_Rhexis', 'GR_Idle', 'CA_Hydrodissection', 'LH_Washing', 'CA_Lens_implant_setting-up', 'CA_Irrigation_and_aspiration', 'GR_Ligation_of_the_deep_dorsal_venous_complex', 'GR_Developing_the_Space_of_Retzius', 'HC_Mobilization_of_sigmoid_colon_and_descending_colon', 'HC_Retroperitoneal_preparation_of_duodenum_and_pancreatic_head', 'GR_Bladder_neck_reconstruction', 'CA_Incision', 'HC_Mobilization_of_transverse_colon', 'CA_Tonifying_and_antibiotics', 'LH_Dividing_Ligament_and_Peritoneum', 'HC_General_preparation_and_orientation_in_the_abdomen', 'HC_Retroperitoneal_preparation_towards_lower_pancreatic_border', 'HC_Extra-abdominal_preparation_of_anastomosis', 'GR_Left_pelvic_isolated_lymphadenectomy', 'GR_Prostatic_pedicle_control', 'LH_Preparation', 'HC_Dissection_and_resection_of_the_rectum', 'CA_Viscous_agent_injection', 'HC_Mobilization_of_splenic_flexure', 'CA_Capsule_Polishing', 'GR_Right_pelvic_isolated_lymphadenectomy', 'GR_Development_of_the_plane_between_the_prostate_and_rectum', 'HC_Finalization_of_operation', 'LH_Suturing', 'GR_Bladder_neck_identification_and_transection', 'HC_Creation_of_stoma', 'HC_Dissection_of_lymph_nodes_and_blood_vessels_en_bloc', 'HC_Intra-abdominal_preparation_of_anastomosis', 'CA_Viscous_agent_removal', 'CA_Phacoemulsificiation', 'HC_Mobilization_of_ascending_colon', 'GR_Seminal_vesicle_dissection', 'LH_Transecting_the_Vagina'}","{'M2_Calot_Triangle_Dissection', 'HCH_Galbladder_Packaging', 'HCH_Clipping_Cutting', 'HCH_Preparation', 'M2_Clipping_Cutting', 'M2_Cleaning_Coagulation', 'M2_Preparation', 'HCH_Galbladder_Retraction', 'M2_Gallbladder_Dissection', 'M2_Gallbladder_Packaging', 'HCH_Galbladder_Dissection', 'M2_Trocar_Placement', 'HCH_Cleaning_Coagulation', 'M2_Gallbladder_Retraction', 'HCH_Calot_Triangle_Dissection'}",1717393516,checkpoint_000026,True,False,27,563c6_00008,2024-06-03_07-45-16,90.57594609260559,2446.1940586566925,2754764,fb-OMEN-by-HP-45L-Gaming-Desktop-GT22-0xxx,129.69.82.151,2446.1940586566925,27
76.00000116229057,6.995419025421143,3.5061544855342683,0.94066674,3.0875356,"{'CA_Rhexis', 'GR_Idle', 'CA_Hydrodissection', 'LH_Washing', 'CA_Lens_implant_setting-up', 'CA_Irrigation_and_aspiration', 'GR_Developing_the_Space_of_Retzius', 'HC_Retroperitoneal_preparation_of_duodenum_and_pancreatic_head', 'GR_Bladder_neck_reconstruction', 'CA_Incision', 'HC_Mobilization_of_transverse_colon', 'CA_Tonifying_and_antibiotics', 'LH_Dividing_Ligament_and_Peritoneum', 'HC_General_preparation_and_orientation_in_the_abdomen', 'HC_Retroperitoneal_preparation_towards_lower_pancreatic_border', 'HC_Extra-abdominal_preparation_of_anastomosis', 'GR_Left_pelvic_isolated_lymphadenectomy', 'GR_Prostatic_pedicle_control', 'HC_Dissection_and_resection_of_the_rectum', 'HC_Mobilization_of_splenic_flexure', 'CA_Capsule_Polishing', 'GR_Development_of_the_plane_between_the_prostate_and_rectum', 'HC_Finalization_of_operation', 'LH_Suturing', 'GR_Bladder_neck_identification_and_transection', 'GR_Severing_of_the_prostate_from_the_urethra', 'HC_Creation_of_stoma', 'HC_Dissection_of_lymph_nodes_and_blood_vessels_en_bloc', 'HC_Intra-abdominal_preparation_of_anastomosis', 'CA_Viscous_agent_removal', 'LH_Dividing_Uterine_Vessels_and_Ligament', 'CA_Phacoemulsificiation', 'HC_Mobilization_of_ascending_colon', 'LH_Specimen_Removal', 'LH_Transecting_the_Vagina'}","{'M2_Calot_Triangle_Dissection', 'HCH_Galbladder_Packaging', 'HCH_Clipping_Cutting', 'HCH_Preparation', 'M2_Clipping_Cutting', 'M2_Cleaning_Coagulation', 'M2_Preparation', 'HCH_Galbladder_Retraction', 'M2_Gallbladder_Dissection', 'M2_Gallbladder_Packaging', 'HCH_Galbladder_Dissection', 'M2_Trocar_Placement', 'HCH_Cleaning_Coagulation', 'M2_Gallbladder_Retraction', 'HCH_Calot_Triangle_Dissection'}",1717393607,checkpoint_000027,True,False,28,563c6_00008,2024-06-03_07-46-47,90.4306128025055,2536.624671459198,2754764,fb-OMEN-by-HP-45L-Gaming-Desktop-GT22-0xxx,129.69.82.151,2536.624671459198,28
73.40000110864639,7.715651512145996,4.187433396263128,0.94000006,3.5580304,"{'CA_Rhexis', 'GR_Idle', 'CA_Hydrodissection', 'LH_Washing', 'CA_Lens_implant_setting-up', 'CA_Irrigation_and_aspiration', 'GR_Ligation_of_the_deep_dorsal_venous_complex', 'GR_Developing_the_Space_of_Retzius', 'HC_Mobilization_of_sigmoid_colon_and_descending_colon', 'GR_Bladder_neck_reconstruction', 'CA_Incision', 'CA_Tonifying_and_antibiotics', 'LH_Dividing_Ligament_and_Peritoneum', 'HC_General_preparation_and_orientation_in_the_abdomen', 'HC_Retroperitoneal_preparation_towards_lower_pancreatic_border', 'HC_Extra-abdominal_preparation_of_anastomosis', 'GR_Left_pelvic_isolated_lymphadenectomy', 'GR_Prostatic_pedicle_control', 'LH_Preparation', 'HC_Dissection_and_resection_of_the_rectum', 'CA_Viscous_agent_injection', 'HC_Mobilization_of_splenic_flexure', 'CA_Capsule_Polishing', 'GR_Right_pelvic_isolated_lymphadenectomy', 'GR_Development_of_the_plane_between_the_prostate_and_rectum', 'LH_Suturing', 'GR_Bladder_neck_identification_and_transection', 'GR_Severing_of_the_prostate_from_the_urethra', 'HC_Dissection_of_lymph_nodes_and_blood_vessels_en_bloc', 'CA_Viscous_agent_removal', 'LH_Dividing_Uterine_Vessels_and_Ligament', 'CA_Phacoemulsificiation', 'HC_Mobilization_of_ascending_colon', 'GR_Seminal_vesicle_dissection', 'LH_Specimen_Removal', 'LH_Transecting_the_Vagina'}","{'M2_Calot_Triangle_Dissection', 'HCH_Galbladder_Packaging', 'HCH_Clipping_Cutting', 'HCH_Preparation', 'M2_Clipping_Cutting', 'M2_Cleaning_Coagulation', 'M2_Preparation', 'HCH_Galbladder_Retraction', 'M2_Gallbladder_Dissection', 'M2_Gallbladder_Packaging', 'HCH_Galbladder_Dissection', 'M2_Trocar_Placement', 'HCH_Cleaning_Coagulation', 'M2_Gallbladder_Retraction', 'HCH_Calot_Triangle_Dissection'}",1717393697,checkpoint_000028,True,False,29,563c6_00008,2024-06-03_07-48-17,90.54866600036621,2627.173337459564,2754764,fb-OMEN-by-HP-45L-Gaming-Desktop-GT22-0xxx,129.69.82.151,2627.173337459564,29
73.20000125467777,6.887981414794922,3.602136526582709,0.9446667,2.6743984,"{'CA_Rhexis', 'GR_Idle', 'CA_Hydrodissection', 'LH_Washing', 'CA_Lens_implant_setting-up', 'CA_Irrigation_and_aspiration', 'GR_Ligation_of_the_deep_dorsal_venous_complex', 'GR_Developing_the_Space_of_Retzius', 'HC_Retroperitoneal_preparation_of_duodenum_and_pancreatic_head', 'GR_Bladder_neck_reconstruction', 'CA_Incision', 'HC_Mobilization_of_transverse_colon', 'CA_Tonifying_and_antibiotics', 'LH_Dividing_Ligament_and_Peritoneum', 'HC_General_preparation_and_orientation_in_the_abdomen', 'HC_Retroperitoneal_preparation_towards_lower_pancreatic_border', 'GR_Left_pelvic_isolated_lymphadenectomy', 'GR_Prostatic_pedicle_control', 'LH_Preparation', 'HC_Dissection_and_resection_of_the_rectum', 'CA_Viscous_agent_injection', 'HC_Mobilization_of_splenic_flexure', 'CA_Capsule_Polishing', 'GR_Right_pelvic_isolated_lymphadenectomy', 'GR_Development_of_the_plane_between_the_prostate_and_rectum', 'LH_Suturing', 'GR_Bladder_neck_identification_and_transection', 'GR_Severing_of_the_prostate_from_the_urethra', 'HC_Creation_of_stoma', 'HC_Intra-abdominal_preparation_of_anastomosis', 'CA_Viscous_agent_removal', 'CA_Phacoemulsificiation', 'HC_Mobilization_of_ascending_colon', 'GR_Seminal_vesicle_dissection', 'LH_Specimen_Removal', 'LH_Transecting_the_Vagina'}","{'M2_Calot_Triangle_Dissection', 'HCH_Galbladder_Packaging', 'HCH_Clipping_Cutting', 'HCH_Preparation', 'M2_Clipping_Cutting', 'M2_Cleaning_Coagulation', 'M2_Preparation', 'HCH_Galbladder_Retraction', 'M2_Gallbladder_Dissection', 'M2_Gallbladder_Packaging', 'HCH_Galbladder_Dissection', 'M2_Trocar_Placement', 'HCH_Cleaning_Coagulation', 'M2_Gallbladder_Retraction', 'HCH_Calot_Triangle_Dissection'}",1717393788,checkpoint_000029,True,False,30,563c6_00008,2024-06-03_07-49-48,90.64184665679932,2717.8151841163635,2754764,fb-OMEN-by-HP-45L-Gaming-Desktop-GT22-0xxx,129.69.82.151,2717.8151841163635,30
74.00000113248825,7.687817096710205,4.054879444948815,0.9473334,3.122356,"{'GR_Idle', 'CA_Hydrodissection', 'LH_Washing', 'CA_Lens_implant_setting-up', 'CA_Irrigation_and_aspiration', 'GR_Ligation_of_the_deep_dorsal_venous_complex', 'GR_Developing_the_Space_of_Retzius', 'HC_Mobilization_of_sigmoid_colon_and_descending_colon', 'HC_Retroperitoneal_preparation_of_duodenum_and_pancreatic_head', 'GR_Bladder_neck_reconstruction', 'CA_Incision', 'HC_Mobilization_of_transverse_colon', 'CA_Tonifying_and_antibiotics', 'LH_Dividing_Ligament_and_Peritoneum', 'HC_General_preparation_and_orientation_in_the_abdomen', 'HC_Retroperitoneal_preparation_towards_lower_pancreatic_border', 'HC_Extra-abdominal_preparation_of_anastomosis', 'GR_Left_pelvic_isolated_lymphadenectomy', 'GR_Prostatic_pedicle_control', 'LH_Preparation', 'HC_Dissection_and_resection_of_the_rectum', 'CA_Viscous_agent_injection', 'HC_Mobilization_of_splenic_flexure', 'CA_Capsule_Polishing', 'GR_Right_pelvic_isolated_lymphadenectomy', 'GR_Development_of_the_plane_between_the_prostate_and_rectum', 'HC_Finalization_of_operation', 'LH_Suturing', 'GR_Bladder_neck_identification_and_transection', 'GR_Severing_of_the_prostate_from_the_urethra', 'HC_Creation_of_stoma', 'HC_Dissection_of_lymph_nodes_and_blood_vessels_en_bloc', 'HC_Intra-abdominal_preparation_of_anastomosis', 'CA_Viscous_agent_removal', 'LH_Dividing_Uterine_Vessels_and_Ligament', 'HC_Mobilization_of_ascending_colon', 'GR_Seminal_vesicle_dissection', 'LH_Specimen_Removal', 'LH_Transecting_the_Vagina'}","{'M2_Calot_Triangle_Dissection', 'HCH_Galbladder_Packaging', 'HCH_Clipping_Cutting', 'HCH_Preparation', 'M2_Clipping_Cutting', 'M2_Cleaning_Coagulation', 'M2_Preparation', 'HCH_Galbladder_Retraction', 'M2_Gallbladder_Dissection', 'M2_Gallbladder_Packaging', 'HCH_Galbladder_Dissection', 'M2_Trocar_Placement', 'HCH_Cleaning_Coagulation', 'M2_Gallbladder_Retraction', 'HCH_Calot_Triangle_Dissection'}",1717393879,checkpoint_000030,True,False,31,563c6_00008,2024-06-03_07-51-19,90.70053005218506,2808.5157141685486,2754764,fb-OMEN-by-HP-45L-Gaming-Desktop-GT22-0xxx,129.69.82.151,2808.5157141685486,31
70.40000128746033,8.480924606323242,3.6132109175661475,0.9526667,3.1434023,"{'CA_Rhexis', 'GR_Idle', 'CA_Hydrodissection', 'LH_Washing', 'CA_Lens_implant_setting-up', 'CA_Irrigation_and_aspiration', 'GR_Ligation_of_the_deep_dorsal_venous_complex', 'GR_Developing_the_Space_of_Retzius', 'HC_Mobilization_of_sigmoid_colon_and_descending_colon', 'HC_Retroperitoneal_preparation_of_duodenum_and_pancreatic_head', 'GR_Bladder_neck_reconstruction', 'HC_Mobilization_of_transverse_colon', 'CA_Tonifying_and_antibiotics', 'LH_Dividing_Ligament_and_Peritoneum', 'HC_Retroperitoneal_preparation_towards_lower_pancreatic_border', 'HC_Extra-abdominal_preparation_of_anastomosis', 'GR_Left_pelvic_isolated_lymphadenectomy', 'GR_Prostatic_pedicle_control', 'LH_Preparation', 'HC_Dissection_and_resection_of_the_rectum', 'CA_Viscous_agent_injection', 'HC_Mobilization_of_splenic_flexure', 'CA_Capsule_Polishing', 'GR_Right_pelvic_isolated_lymphadenectomy', 'GR_Development_of_the_plane_between_the_prostate_and_rectum', 'HC_Finalization_of_operation', 'LH_Suturing', 'GR_Bladder_neck_identification_and_transection', 'GR_Severing_of_the_prostate_from_the_urethra', 'HC_Creation_of_stoma', 'HC_Dissection_of_lymph_nodes_and_blood_vessels_en_bloc', 'HC_Intra-abdominal_preparation_of_anastomosis', 'CA_Viscous_agent_removal', 'LH_Dividing_Uterine_Vessels_and_Ligament', 'CA_Phacoemulsificiation', 'HC_Mobilization_of_ascending_colon', 'GR_Seminal_vesicle_dissection', 'LH_Specimen_Removal', 'LH_Transecting_the_Vagina'}","{'M2_Calot_Triangle_Dissection', 'HCH_Galbladder_Packaging', 'HCH_Clipping_Cutting', 'HCH_Preparation', 'M2_Clipping_Cutting', 'M2_Cleaning_Coagulation', 'M2_Preparation', 'HCH_Galbladder_Retraction', 'M2_Gallbladder_Dissection', 'M2_Gallbladder_Packaging', 'HCH_Galbladder_Dissection', 'M2_Trocar_Placement', 'HCH_Cleaning_Coagulation', 'M2_Gallbladder_Retraction', 'HCH_Calot_Triangle_Dissection'}",1717393969,checkpoint_000031,True,False,32,563c6_00008,2024-06-03_07-52-49,90.5904049873352,2899.106119155884,2754764,fb-OMEN-by-HP-45L-Gaming-Desktop-GT22-0xxx,129.69.82.151,2899.106119155884,32
75.40000128746033,6.418703556060791,3.272906452892832,0.9606667,2.1208568,"{'CA_Rhexis', 'GR_Idle', 'CA_Hydrodissection', 'LH_Washing', 'CA_Lens_implant_setting-up', 'CA_Irrigation_and_aspiration', 'GR_Ligation_of_the_deep_dorsal_venous_complex', 'GR_Developing_the_Space_of_Retzius', 'HC_Retroperitoneal_preparation_of_duodenum_and_pancreatic_head', 'HC_Mobilization_of_transverse_colon', 'CA_Tonifying_and_antibiotics', 'HC_General_preparation_and_orientation_in_the_abdomen', 'HC_Retroperitoneal_preparation_towards_lower_pancreatic_border', 'HC_Extra-abdominal_preparation_of_anastomosis', 'GR_Left_pelvic_isolated_lymphadenectomy', 'GR_Prostatic_pedicle_control', 'LH_Preparation', 'HC_Dissection_and_resection_of_the_rectum', 'CA_Viscous_agent_injection', 'HC_Mobilization_of_splenic_flexure', 'CA_Capsule_Polishing', 'GR_Right_pelvic_isolated_lymphadenectomy', 'GR_Development_of_the_plane_between_the_prostate_and_rectum', 'HC_Finalization_of_operation', 'LH_Suturing', 'GR_Bladder_neck_identification_and_transection', 'GR_Severing_of_the_prostate_from_the_urethra', 'HC_Creation_of_stoma', 'HC_Dissection_of_lymph_nodes_and_blood_vessels_en_bloc', 'HC_Intra-abdominal_preparation_of_anastomosis', 'CA_Viscous_agent_removal', 'LH_Dividing_Uterine_Vessels_and_Ligament', 'CA_Phacoemulsificiation', 'HC_Mobilization_of_ascending_colon', 'GR_Seminal_vesicle_dissection', 'LH_Specimen_Removal', 'LH_Transecting_the_Vagina'}","{'M2_Calot_Triangle_Dissection', 'HCH_Galbladder_Packaging', 'HCH_Clipping_Cutting', 'HCH_Preparation', 'M2_Clipping_Cutting', 'M2_Cleaning_Coagulation', 'M2_Preparation', 'HCH_Galbladder_Retraction', 'M2_Gallbladder_Dissection', 'M2_Gallbladder_Packaging', 'HCH_Galbladder_Dissection', 'M2_Trocar_Placement', 'HCH_Cleaning_Coagulation', 'M2_Gallbladder_Retraction', 'HCH_Calot_Triangle_Dissection'}",1717394060,checkpoint_000032,True,False,33,563c6_00008,2024-06-03_07-54-20,90.68466639518738,2989.790785551071,2754764,fb-OMEN-by-HP-45L-Gaming-Desktop-GT22-0xxx,129.69.82.151,2989.790785551071,33
76.0000011920929,6.658563613891602,3.6772858448645493,0.9673334,1.789219,"{'CA_Rhexis', 'GR_Idle', 'CA_Hydrodissection', 'LH_Washing', 'CA_Lens_implant_setting-up', 'CA_Irrigation_and_aspiration', 'GR_Ligation_of_the_deep_dorsal_venous_complex', 'GR_Developing_the_Space_of_Retzius', 'HC_Mobilization_of_sigmoid_colon_and_descending_colon', 'HC_Retroperitoneal_preparation_of_duodenum_and_pancreatic_head', 'GR_Bladder_neck_reconstruction', 'CA_Incision', 'HC_Mobilization_of_transverse_colon', 'CA_Tonifying_and_antibiotics', 'LH_Dividing_Ligament_and_Peritoneum', 'HC_General_preparation_and_orientation_in_the_abdomen', 'HC_Retroperitoneal_preparation_towards_lower_pancreatic_border', 'HC_Extra-abdominal_preparation_of_anastomosis', 'GR_Left_pelvic_isolated_lymphadenectomy', 'LH_Preparation', 'HC_Dissection_and_resection_of_the_rectum', 'CA_Viscous_agent_injection', 'HC_Mobilization_of_splenic_flexure', 'CA_Capsule_Polishing', 'GR_Right_pelvic_isolated_lymphadenectomy', 'GR_Development_of_the_plane_between_the_prostate_and_rectum', 'HC_Finalization_of_operation', 'LH_Suturing', 'GR_Bladder_neck_identification_and_transection', 'GR_Severing_of_the_prostate_from_the_urethra', 'HC_Creation_of_stoma', 'HC_Dissection_of_lymph_nodes_and_blood_vessels_en_bloc', 'HC_Intra-abdominal_preparation_of_anastomosis', 'CA_Viscous_agent_removal', 'LH_Dividing_Uterine_Vessels_and_Ligament', 'CA_Phacoemulsificiation', 'HC_Mobilization_of_ascending_colon', 'GR_Seminal_vesicle_dissection', 'LH_Specimen_Removal', 'LH_Transecting_the_Vagina'}","{'M2_Calot_Triangle_Dissection', 'HCH_Galbladder_Packaging', 'HCH_Clipping_Cutting', 'HCH_Preparation', 'M2_Clipping_Cutting', 'M2_Cleaning_Coagulation', 'M2_Preparation', 'HCH_Galbladder_Retraction', 'M2_Gallbladder_Dissection', 'M2_Gallbladder_Packaging', 'HCH_Galbladder_Dissection', 'M2_Trocar_Placement', 'HCH_Cleaning_Coagulation', 'M2_Gallbladder_Retraction', 'HCH_Calot_Triangle_Dissection'}",1717394150,checkpoint_000033,True,False,34,563c6_00008,2024-06-03_07-55-50,90.36679482460022,3080.1575803756714,2754764,fb-OMEN-by-HP-45L-Gaming-Desktop-GT22-0xxx,129.69.82.151,3080.1575803756714,34
75.40000115334988,7.087150573730469,3.794713794292197,0.96266675,2.4242547,"{'CA_Rhexis', 'GR_Idle', 'CA_Hydrodissection', 'LH_Washing', 'CA_Lens_implant_setting-up', 'CA_Irrigation_and_aspiration', 'GR_Developing_the_Space_of_Retzius', 'CA_Incision', 'HC_Mobilization_of_transverse_colon', 'CA_Tonifying_and_antibiotics', 'LH_Dividing_Ligament_and_Peritoneum', 'HC_General_preparation_and_orientation_in_the_abdomen', 'HC_Retroperitoneal_preparation_towards_lower_pancreatic_border', 'HC_Extra-abdominal_preparation_of_anastomosis', 'GR_Left_pelvic_isolated_lymphadenectomy', 'GR_Prostatic_pedicle_control', 'LH_Preparation', 'HC_Dissection_and_resection_of_the_rectum', 'HC_Mobilization_of_splenic_flexure', 'CA_Capsule_Polishing', 'GR_Development_of_the_plane_between_the_prostate_and_rectum', 'HC_Finalization_of_operation', 'LH_Suturing', 'GR_Bladder_neck_identification_and_transection', 'GR_Severing_of_the_prostate_from_the_urethra', 'HC_Creation_of_stoma', 'HC_Dissection_of_lymph_nodes_and_blood_vessels_en_bloc', 'CA_Viscous_agent_removal', 'LH_Dividing_Uterine_Vessels_and_Ligament', 'HC_Mobilization_of_ascending_colon', 'GR_Seminal_vesicle_dissection', 'LH_Specimen_Removal', 'LH_Transecting_the_Vagina'}","{'M2_Calot_Triangle_Dissection', 'HCH_Galbladder_Packaging', 'HCH_Clipping_Cutting', 'HCH_Preparation', 'M2_Clipping_Cutting', 'M2_Cleaning_Coagulation', 'M2_Preparation', 'HCH_Galbladder_Retraction', 'M2_Gallbladder_Dissection', 'M2_Gallbladder_Packaging', 'HCH_Galbladder_Dissection', 'M2_Trocar_Placement', 'HCH_Cleaning_Coagulation', 'M2_Gallbladder_Retraction', 'HCH_Calot_Triangle_Dissection'}",1717394241,checkpoint_000034,True,False,35,563c6_00008,2024-06-03_07-57-21,90.53694605827332,3170.6945264339447,2754764,fb-OMEN-by-HP-45L-Gaming-Desktop-GT22-0xxx,129.69.82.151,3170.6945264339447,35
75.200001090765,7.41646146774292,3.8054296497085716,0.9606667,2.0801754,"{'CA_Rhexis', 'GR_Idle', 'CA_Hydrodissection', 'LH_Washing', 'CA_Lens_implant_setting-up', 'CA_Irrigation_and_aspiration', 'GR_Ligation_of_the_deep_dorsal_venous_complex', 'GR_Developing_the_Space_of_Retzius', 'HC_Mobilization_of_sigmoid_colon_and_descending_colon', 'GR_Bladder_neck_reconstruction', 'CA_Incision', 'HC_Mobilization_of_transverse_colon', 'CA_Tonifying_and_antibiotics', 'LH_Dividing_Ligament_and_Peritoneum', 'HC_General_preparation_and_orientation_in_the_abdomen', 'HC_Retroperitoneal_preparation_towards_lower_pancreatic_border', 'HC_Extra-abdominal_preparation_of_anastomosis', 'GR_Left_pelvic_isolated_lymphadenectomy', 'GR_Prostatic_pedicle_control', 'LH_Preparation', 'CA_Viscous_agent_injection', 'HC_Mobilization_of_splenic_flexure', 'CA_Capsule_Polishing', 'GR_Right_pelvic_isolated_lymphadenectomy', 'GR_Development_of_the_plane_between_the_prostate_and_rectum', 'HC_Finalization_of_operation', 'LH_Suturing', 'GR_Bladder_neck_identification_and_transection', 'GR_Severing_of_the_prostate_from_the_urethra', 'HC_Creation_of_stoma', 'HC_Dissection_of_lymph_nodes_and_blood_vessels_en_bloc', 'HC_Intra-abdominal_preparation_of_anastomosis', 'CA_Viscous_agent_removal', 'LH_Dividing_Uterine_Vessels_and_Ligament', 'CA_Phacoemulsificiation', 'HC_Mobilization_of_ascending_colon', 'GR_Seminal_vesicle_dissection', 'LH_Specimen_Removal', 'LH_Transecting_the_Vagina'}","{'M2_Calot_Triangle_Dissection', 'HCH_Galbladder_Packaging', 'HCH_Clipping_Cutting', 'HCH_Preparation', 'M2_Clipping_Cutting', 'M2_Cleaning_Coagulation', 'M2_Preparation', 'HCH_Galbladder_Retraction', 'M2_Gallbladder_Dissection', 'M2_Gallbladder_Packaging', 'HCH_Galbladder_Dissection', 'M2_Trocar_Placement', 'HCH_Cleaning_Coagulation', 'M2_Gallbladder_Retraction', 'HCH_Calot_Triangle_Dissection'}",1717394332,checkpoint_000035,True,False,36,563c6_00008,2024-06-03_07-58-52,90.76269841194153,3261.4572248458862,2754764,fb-OMEN-by-HP-45L-Gaming-Desktop-GT22-0xxx,129.69.82.151,3261.4572248458862,36
71.80000123381615,7.430531024932861,3.9237221555953132,0.95000005,2.430109,"{'CA_Rhexis', 'GR_Idle', 'CA_Hydrodissection', 'LH_Washing', 'CA_Irrigation_and_aspiration', 'GR_Ligation_of_the_deep_dorsal_venous_complex', 'GR_Developing_the_Space_of_Retzius', 'HC_Mobilization_of_sigmoid_colon_and_descending_colon', 'HC_Retroperitoneal_preparation_of_duodenum_and_pancreatic_head', 'GR_Bladder_neck_reconstruction', 'CA_Incision', 'HC_Mobilization_of_transverse_colon', 'LH_Dividing_Ligament_and_Peritoneum', 'HC_General_preparation_and_orientation_in_the_abdomen', 'HC_Retroperitoneal_preparation_towards_lower_pancreatic_border', 'HC_Extra-abdominal_preparation_of_anastomosis', 'GR_Left_pelvic_isolated_lymphadenectomy', 'LH_Preparation', 'HC_Dissection_and_resection_of_the_rectum', 'CA_Viscous_agent_injection', 'HC_Mobilization_of_splenic_flexure', 'CA_Capsule_Polishing', 'GR_Right_pelvic_isolated_lymphadenectomy', 'GR_Development_of_the_plane_between_the_prostate_and_rectum', 'HC_Finalization_of_operation', 'LH_Suturing', 'GR_Bladder_neck_identification_and_transection', 'GR_Severing_of_the_prostate_from_the_urethra', 'HC_Dissection_of_lymph_nodes_and_blood_vessels_en_bloc', 'HC_Intra-abdominal_preparation_of_anastomosis', 'CA_Viscous_agent_removal', 'LH_Dividing_Uterine_Vessels_and_Ligament', 'CA_Phacoemulsificiation', 'HC_Mobilization_of_ascending_colon', 'GR_Seminal_vesicle_dissection', 'LH_Specimen_Removal', 'LH_Transecting_the_Vagina'}","{'M2_Calot_Triangle_Dissection', 'HCH_Galbladder_Packaging', 'HCH_Clipping_Cutting', 'HCH_Preparation', 'M2_Clipping_Cutting', 'M2_Cleaning_Coagulation', 'M2_Preparation', 'HCH_Galbladder_Retraction', 'M2_Gallbladder_Dissection', 'M2_Gallbladder_Packaging', 'HCH_Galbladder_Dissection', 'M2_Trocar_Placement', 'HCH_Cleaning_Coagulation', 'M2_Gallbladder_Retraction', 'HCH_Calot_Triangle_Dissection'}",1717394422,checkpoint_000036,True,False,37,563c6_00008,2024-06-03_08-00-22,90.35794806480408,3351.8151729106903,2754764,fb-OMEN-by-HP-45L-Gaming-Desktop-GT22-0xxx,129.69.82.151,3351.8151729106903,37
77.20000103116035,6.524266242980957,3.959782035058794,0.9586667,2.2190225,"{'CA_Rhexis', 'GR_Idle', 'CA_Hydrodissection', 'LH_Washing', 'CA_Lens_implant_setting-up', 'CA_Irrigation_and_aspiration', 'GR_Ligation_of_the_deep_dorsal_venous_complex', 'HC_Retroperitoneal_preparation_of_duodenum_and_pancreatic_head', 'CA_Incision', 'HC_Mobilization_of_transverse_colon', 'CA_Tonifying_and_antibiotics', 'LH_Dividing_Ligament_and_Peritoneum', 'HC_General_preparation_and_orientation_in_the_abdomen', 'HC_Retroperitoneal_preparation_towards_lower_pancreatic_border', 'HC_Extra-abdominal_preparation_of_anastomosis', 'GR_Left_pelvic_isolated_lymphadenectomy', 'GR_Prostatic_pedicle_control', 'LH_Preparation', 'HC_Dissection_and_resection_of_the_rectum', 'CA_Viscous_agent_injection', 'HC_Mobilization_of_splenic_flexure', 'CA_Capsule_Polishing', 'GR_Right_pelvic_isolated_lymphadenectomy', 'GR_Development_of_the_plane_between_the_prostate_and_rectum', 'HC_Finalization_of_operation', 'LH_Suturing', 'GR_Bladder_neck_identification_and_transection', 'GR_Severing_of_the_prostate_from_the_urethra', 'HC_Creation_of_stoma', 'HC_Intra-abdominal_preparation_of_anastomosis', 'CA_Viscous_agent_removal', 'LH_Dividing_Uterine_Vessels_and_Ligament', 'HC_Mobilization_of_ascending_colon', 'GR_Seminal_vesicle_dissection', 'LH_Specimen_Removal', 'LH_Transecting_the_Vagina'}","{'M2_Calot_Triangle_Dissection', 'HCH_Galbladder_Packaging', 'HCH_Clipping_Cutting', 'HCH_Preparation', 'M2_Clipping_Cutting', 'M2_Cleaning_Coagulation', 'M2_Preparation', 'HCH_Galbladder_Retraction', 'M2_Gallbladder_Dissection', 'M2_Gallbladder_Packaging', 'HCH_Galbladder_Dissection', 'M2_Trocar_Placement', 'HCH_Cleaning_Coagulation', 'M2_Gallbladder_Retraction', 'HCH_Calot_Triangle_Dissection'}",1717394512,checkpoint_000037,True,False,38,563c6_00008,2024-06-03_08-01-52,90.2241153717041,3442.0392882823944,2754764,fb-OMEN-by-HP-45L-Gaming-Desktop-GT22-0xxx,129.69.82.151,3442.0392882823944,38
73.80000111460686,7.5396575927734375,4.062262459653711,0.97400004,1.5087146,"{'CA_Rhexis', 'GR_Idle', 'CA_Hydrodissection', 'LH_Washing', 'CA_Lens_implant_setting-up', 'CA_Irrigation_and_aspiration', 'GR_Ligation_of_the_deep_dorsal_venous_complex', 'GR_Developing_the_Space_of_Retzius', 'HC_Mobilization_of_sigmoid_colon_and_descending_colon', 'HC_Retroperitoneal_preparation_of_duodenum_and_pancreatic_head', 'GR_Bladder_neck_reconstruction', 'CA_Incision', 'HC_Mobilization_of_transverse_colon', 'CA_Tonifying_and_antibiotics', 'LH_Dividing_Ligament_and_Peritoneum', 'HC_General_preparation_and_orientation_in_the_abdomen', 'HC_Retroperitoneal_preparation_towards_lower_pancreatic_border', 'HC_Extra-abdominal_preparation_of_anastomosis', 'GR_Prostatic_pedicle_control', 'LH_Preparation', 'CA_Viscous_agent_injection', 'CA_Capsule_Polishing', 'GR_Right_pelvic_isolated_lymphadenectomy', 'GR_Development_of_the_plane_between_the_prostate_and_rectum', 'HC_Finalization_of_operation', 'LH_Suturing', 'GR_Bladder_neck_identification_and_transection', 'HC_Creation_of_stoma', 'HC_Dissection_of_lymph_nodes_and_blood_vessels_en_bloc', 'HC_Intra-abdominal_preparation_of_anastomosis', 'CA_Viscous_agent_removal', 'LH_Dividing_Uterine_Vessels_and_Ligament', 'HC_Mobilization_of_ascending_colon', 'GR_Seminal_vesicle_dissection', 'LH_Specimen_Removal', 'LH_Transecting_the_Vagina'}","{'M2_Calot_Triangle_Dissection', 'HCH_Galbladder_Packaging', 'HCH_Clipping_Cutting', 'HCH_Preparation', 'M2_Clipping_Cutting', 'M2_Cleaning_Coagulation', 'M2_Preparation', 'HCH_Galbladder_Retraction', 'M2_Gallbladder_Dissection', 'M2_Gallbladder_Packaging', 'HCH_Galbladder_Dissection', 'M2_Trocar_Placement', 'HCH_Cleaning_Coagulation', 'M2_Gallbladder_Retraction', 'HCH_Calot_Triangle_Dissection'}",1717394603,checkpoint_000038,True,False,39,563c6_00008,2024-06-03_08-03-23,90.75949549674988,3532.7987837791443,2754764,fb-OMEN-by-HP-45L-Gaming-Desktop-GT22-0xxx,129.69.82.151,3532.7987837791443,39
74.00000108778477,7.213407516479492,4.016804619594353,0.964,1.7907653,"{'CA_Rhexis', 'GR_Idle', 'CA_Hydrodissection', 'LH_Washing', 'CA_Lens_implant_setting-up', 'CA_Irrigation_and_aspiration', 'GR_Ligation_of_the_deep_dorsal_venous_complex', 'GR_Developing_the_Space_of_Retzius', 'HC_Mobilization_of_sigmoid_colon_and_descending_colon', 'HC_Retroperitoneal_preparation_of_duodenum_and_pancreatic_head', 'GR_Bladder_neck_reconstruction', 'CA_Incision', 'HC_Mobilization_of_transverse_colon', 'CA_Tonifying_and_antibiotics', 'LH_Dividing_Ligament_and_Peritoneum', 'HC_General_preparation_and_orientation_in_the_abdomen', 'HC_Retroperitoneal_preparation_towards_lower_pancreatic_border', 'HC_Extra-abdominal_preparation_of_anastomosis', 'GR_Left_pelvic_isolated_lymphadenectomy', 'GR_Prostatic_pedicle_control', 'LH_Preparation', 'CA_Viscous_agent_injection', 'GR_Right_pelvic_isolated_lymphadenectomy', 'GR_Development_of_the_plane_between_the_prostate_and_rectum', 'LH_Suturing', 'GR_Bladder_neck_identification_and_transection', 'GR_Severing_of_the_prostate_from_the_urethra', 'HC_Creation_of_stoma', 'HC_Dissection_of_lymph_nodes_and_blood_vessels_en_bloc', 'HC_Intra-abdominal_preparation_of_anastomosis', 'CA_Viscous_agent_removal', 'LH_Dividing_Uterine_Vessels_and_Ligament', 'CA_Phacoemulsificiation', 'HC_Mobilization_of_ascending_colon', 'GR_Seminal_vesicle_dissection', 'LH_Specimen_Removal', 'LH_Transecting_the_Vagina'}","{'M2_Calot_Triangle_Dissection', 'HCH_Galbladder_Packaging', 'HCH_Clipping_Cutting', 'HCH_Preparation', 'M2_Clipping_Cutting', 'M2_Cleaning_Coagulation', 'M2_Preparation', 'HCH_Galbladder_Retraction', 'M2_Gallbladder_Dissection', 'M2_Gallbladder_Packaging', 'HCH_Galbladder_Dissection', 'M2_Trocar_Placement', 'HCH_Cleaning_Coagulation', 'M2_Gallbladder_Retraction', 'HCH_Calot_Triangle_Dissection'}",1717394693,checkpoint_000039,True,False,40,563c6_00008,2024-06-03_08-04-53,90.33143043518066,3623.130214214325,2754764,fb-OMEN-by-HP-45L-Gaming-Desktop-GT22-0xxx,129.69.82.151,3623.130214214325,40
73.60000117123127,7.000076770782471,3.915293099794553,0.96533334,1.7181598,"{'CA_Rhexis', 'GR_Idle', 'CA_Hydrodissection', 'LH_Washing', 'CA_Lens_implant_setting-up', 'CA_Irrigation_and_aspiration', 'GR_Ligation_of_the_deep_dorsal_venous_complex', 'GR_Developing_the_Space_of_Retzius', 'HC_Mobilization_of_sigmoid_colon_and_descending_colon', 'HC_Retroperitoneal_preparation_of_duodenum_and_pancreatic_head', 'GR_Bladder_neck_reconstruction', 'HC_Mobilization_of_transverse_colon', 'CA_Tonifying_and_antibiotics', 'LH_Dividing_Ligament_and_Peritoneum', 'HC_General_preparation_and_orientation_in_the_abdomen', 'HC_Retroperitoneal_preparation_towards_lower_pancreatic_border', 'HC_Extra-abdominal_preparation_of_anastomosis', 'GR_Left_pelvic_isolated_lymphadenectomy', 'GR_Prostatic_pedicle_control', 'LH_Preparation', 'HC_Dissection_and_resection_of_the_rectum', 'CA_Viscous_agent_injection', 'HC_Mobilization_of_splenic_flexure', 'CA_Capsule_Polishing', 'GR_Right_pelvic_isolated_lymphadenectomy', 'GR_Development_of_the_plane_between_the_prostate_and_rectum', 'HC_Finalization_of_operation', 'LH_Suturing', 'GR_Bladder_neck_identification_and_transection', 'HC_Dissection_of_lymph_nodes_and_blood_vessels_en_bloc', 'CA_Viscous_agent_removal', 'LH_Dividing_Uterine_Vessels_and_Ligament', 'HC_Mobilization_of_ascending_colon', 'GR_Seminal_vesicle_dissection', 'LH_Specimen_Removal', 'LH_Transecting_the_Vagina'}","{'M2_Calot_Triangle_Dissection', 'HCH_Galbladder_Packaging', 'HCH_Clipping_Cutting', 'HCH_Preparation', 'M2_Clipping_Cutting', 'M2_Cleaning_Coagulation', 'M2_Preparation', 'HCH_Galbladder_Retraction', 'M2_Gallbladder_Dissection', 'M2_Gallbladder_Packaging', 'HCH_Galbladder_Dissection', 'M2_Trocar_Placement', 'HCH_Cleaning_Coagulation', 'M2_Gallbladder_Retraction', 'HCH_Calot_Triangle_Dissection'}",1717394784,checkpoint_000040,True,False,41,563c6_00008,2024-06-03_08-06-24,90.84508013725281,3713.9752943515778,2754764,fb-OMEN-by-HP-45L-Gaming-Desktop-GT22-0xxx,129.69.82.151,3713.9752943515778,41
76.80000106990337,6.493973731994629,3.8694986124457733,0.9566667,2.5150118,"{'CA_Rhexis', 'GR_Idle', 'CA_Hydrodissection', 'LH_Washing', 'CA_Lens_implant_setting-up', 'CA_Irrigation_and_aspiration', 'GR_Ligation_of_the_deep_dorsal_venous_complex', 'GR_Developing_the_Space_of_Retzius', 'HC_Mobilization_of_sigmoid_colon_and_descending_colon', 'HC_Retroperitoneal_preparation_of_duodenum_and_pancreatic_head', 'GR_Bladder_neck_reconstruction', 'CA_Incision', 'HC_Mobilization_of_transverse_colon', 'CA_Tonifying_and_antibiotics', 'LH_Dividing_Ligament_and_Peritoneum', 'HC_General_preparation_and_orientation_in_the_abdomen', 'HC_Retroperitoneal_preparation_towards_lower_pancreatic_border', 'GR_Left_pelvic_isolated_lymphadenectomy', 'GR_Prostatic_pedicle_control', 'LH_Preparation', 'HC_Dissection_and_resection_of_the_rectum', 'CA_Viscous_agent_injection', 'HC_Mobilization_of_splenic_flexure', 'CA_Capsule_Polishing', 'GR_Right_pelvic_isolated_lymphadenectomy', 'GR_Development_of_the_plane_between_the_prostate_and_rectum', 'HC_Finalization_of_operation', 'LH_Suturing', 'GR_Bladder_neck_identification_and_transection', 'GR_Severing_of_the_prostate_from_the_urethra', 'HC_Creation_of_stoma', 'HC_Dissection_of_lymph_nodes_and_blood_vessels_en_bloc', 'HC_Intra-abdominal_preparation_of_anastomosis', 'CA_Viscous_agent_removal', 'LH_Dividing_Uterine_Vessels_and_Ligament', 'CA_Phacoemulsificiation', 'HC_Mobilization_of_ascending_colon', 'GR_Seminal_vesicle_dissection', 'LH_Transecting_the_Vagina'}","{'M2_Calot_Triangle_Dissection', 'HCH_Galbladder_Packaging', 'HCH_Clipping_Cutting', 'HCH_Preparation', 'M2_Clipping_Cutting', 'M2_Cleaning_Coagulation', 'M2_Preparation', 'HCH_Galbladder_Retraction', 'M2_Gallbladder_Dissection', 'M2_Gallbladder_Packaging', 'HCH_Galbladder_Dissection', 'M2_Trocar_Placement', 'HCH_Cleaning_Coagulation', 'M2_Gallbladder_Retraction', 'HCH_Calot_Triangle_Dissection'}",1717394874,checkpoint_000041,True,False,42,563c6_00008,2024-06-03_08-07-54,90.29009795188904,3804.265392303467,2754764,fb-OMEN-by-HP-45L-Gaming-Desktop-GT22-0xxx,129.69.82.151,3804.265392303467,42
76.60000115633011,6.567275047302246,3.5950908621465745,0.9713334,1.8867865,"{'CA_Rhexis', 'GR_Idle', 'LH_Washing', 'CA_Lens_implant_setting-up', 'CA_Irrigation_and_aspiration', 'GR_Ligation_of_the_deep_dorsal_venous_complex', 'GR_Developing_the_Space_of_Retzius', 'HC_Mobilization_of_sigmoid_colon_and_descending_colon', 'HC_Retroperitoneal_preparation_of_duodenum_and_pancreatic_head', 'CA_Incision', 'HC_Mobilization_of_transverse_colon', 'CA_Tonifying_and_antibiotics', 'LH_Dividing_Ligament_and_Peritoneum', 'HC_General_preparation_and_orientation_in_the_abdomen', 'HC_Retroperitoneal_preparation_towards_lower_pancreatic_border', 'HC_Extra-abdominal_preparation_of_anastomosis', 'GR_Left_pelvic_isolated_lymphadenectomy', 'GR_Prostatic_pedicle_control', 'LH_Preparation', 'HC_Dissection_and_resection_of_the_rectum', 'CA_Viscous_agent_injection', 'HC_Mobilization_of_splenic_flexure', 'CA_Capsule_Polishing', 'GR_Development_of_the_plane_between_the_prostate_and_rectum', 'LH_Suturing', 'GR_Bladder_neck_identification_and_transection', 'GR_Severing_of_the_prostate_from_the_urethra', 'HC_Creation_of_stoma', 'HC_Dissection_of_lymph_nodes_and_blood_vessels_en_bloc', 'HC_Intra-abdominal_preparation_of_anastomosis', 'CA_Viscous_agent_removal', 'LH_Dividing_Uterine_Vessels_and_Ligament', 'CA_Phacoemulsificiation', 'HC_Mobilization_of_ascending_colon', 'GR_Seminal_vesicle_dissection', 'LH_Specimen_Removal', 'LH_Transecting_the_Vagina'}","{'M2_Calot_Triangle_Dissection', 'HCH_Galbladder_Packaging', 'HCH_Clipping_Cutting', 'HCH_Preparation', 'M2_Clipping_Cutting', 'M2_Cleaning_Coagulation', 'M2_Preparation', 'HCH_Galbladder_Retraction', 'M2_Gallbladder_Dissection', 'M2_Gallbladder_Packaging', 'HCH_Galbladder_Dissection', 'M2_Trocar_Placement', 'HCH_Cleaning_Coagulation', 'M2_Gallbladder_Retraction', 'HCH_Calot_Triangle_Dissection'}",1717394965,checkpoint_000042,True,False,43,563c6_00008,2024-06-03_08-09-25,90.63476419448853,3894.9001564979553,2754764,fb-OMEN-by-HP-45L-Gaming-Desktop-GT22-0xxx,129.69.82.151,3894.9001564979553,43
73.40000109374523,7.798320770263672,3.9221553432715957,0.9686668,1.7512467,"{'CA_Rhexis', 'GR_Idle', 'CA_Hydrodissection', 'LH_Washing', 'CA_Lens_implant_setting-up', 'GR_Developing_the_Space_of_Retzius', 'HC_Mobilization_of_sigmoid_colon_and_descending_colon', 'GR_Bladder_neck_reconstruction', 'CA_Incision', 'HC_Mobilization_of_transverse_colon', 'CA_Tonifying_and_antibiotics', 'LH_Dividing_Ligament_and_Peritoneum', 'HC_General_preparation_and_orientation_in_the_abdomen', 'HC_Extra-abdominal_preparation_of_anastomosis', 'GR_Left_pelvic_isolated_lymphadenectomy', 'GR_Prostatic_pedicle_control', 'LH_Preparation', 'CA_Viscous_agent_injection', 'HC_Mobilization_of_splenic_flexure', 'CA_Capsule_Polishing', 'GR_Right_pelvic_isolated_lymphadenectomy', 'GR_Development_of_the_plane_between_the_prostate_and_rectum', 'HC_Finalization_of_operation', 'LH_Suturing', 'GR_Bladder_neck_identification_and_transection', 'GR_Severing_of_the_prostate_from_the_urethra', 'HC_Creation_of_stoma', 'HC_Intra-abdominal_preparation_of_anastomosis', 'CA_Viscous_agent_removal', 'LH_Dividing_Uterine_Vessels_and_Ligament', 'CA_Phacoemulsificiation', 'HC_Mobilization_of_ascending_colon', 'GR_Seminal_vesicle_dissection', 'LH_Specimen_Removal', 'LH_Transecting_the_Vagina'}","{'M2_Calot_Triangle_Dissection', 'HCH_Galbladder_Packaging', 'HCH_Clipping_Cutting', 'HCH_Preparation', 'M2_Clipping_Cutting', 'M2_Cleaning_Coagulation', 'M2_Preparation', 'HCH_Galbladder_Retraction', 'M2_Gallbladder_Dissection', 'M2_Gallbladder_Packaging', 'HCH_Galbladder_Dissection', 'M2_Trocar_Placement', 'HCH_Cleaning_Coagulation', 'M2_Gallbladder_Retraction', 'HCH_Calot_Triangle_Dissection'}",1717395056,checkpoint_000043,True,False,44,563c6_00008,2024-06-03_08-10-56,90.48902034759521,3985.3891768455505,2754764,fb-OMEN-by-HP-45L-Gaming-Desktop-GT22-0xxx,129.69.82.151,3985.3891768455505,44
75.0000011920929,7.3511857986450195,3.6929228685512,0.97066665,1.8087895,"{'CA_Rhexis', 'GR_Idle', 'CA_Hydrodissection', 'LH_Washing', 'CA_Lens_implant_setting-up', 'CA_Irrigation_and_aspiration', 'GR_Ligation_of_the_deep_dorsal_venous_complex', 'GR_Developing_the_Space_of_Retzius', 'HC_Retroperitoneal_preparation_of_duodenum_and_pancreatic_head', 'GR_Bladder_neck_reconstruction', 'CA_Incision', 'HC_Mobilization_of_transverse_colon', 'CA_Tonifying_and_antibiotics', 'LH_Dividing_Ligament_and_Peritoneum', 'HC_General_preparation_and_orientation_in_the_abdomen', 'HC_Extra-abdominal_preparation_of_anastomosis', 'GR_Left_pelvic_isolated_lymphadenectomy', 'GR_Prostatic_pedicle_control', 'LH_Preparation', 'HC_Dissection_and_resection_of_the_rectum', 'CA_Viscous_agent_injection', 'HC_Mobilization_of_splenic_flexure', 'CA_Capsule_Polishing', 'GR_Right_pelvic_isolated_lymphadenectomy', 'GR_Development_of_the_plane_between_the_prostate_and_rectum', 'HC_Finalization_of_operation', 'LH_Suturing', 'GR_Bladder_neck_identification_and_transection', 'GR_Severing_of_the_prostate_from_the_urethra', 'HC_Creation_of_stoma', 'HC_Dissection_of_lymph_nodes_and_blood_vessels_en_bloc', 'HC_Intra-abdominal_preparation_of_anastomosis', 'LH_Dividing_Uterine_Vessels_and_Ligament', 'CA_Phacoemulsificiation', 'HC_Mobilization_of_ascending_colon', 'GR_Seminal_vesicle_dissection', 'LH_Specimen_Removal', 'LH_Transecting_the_Vagina'}","{'M2_Calot_Triangle_Dissection', 'HCH_Galbladder_Packaging', 'HCH_Clipping_Cutting', 'HCH_Preparation', 'M2_Clipping_Cutting', 'M2_Cleaning_Coagulation', 'M2_Preparation', 'HCH_Galbladder_Retraction', 'M2_Gallbladder_Dissection', 'M2_Gallbladder_Packaging', 'HCH_Galbladder_Dissection', 'M2_Trocar_Placement', 'HCH_Cleaning_Coagulation', 'M2_Gallbladder_Retraction', 'HCH_Calot_Triangle_Dissection'}",1717395146,checkpoint_000044,True,False,45,563c6_00008,2024-06-03_08-12-26,90.62721347808838,4076.016390323639,2754764,fb-OMEN-by-HP-45L-Gaming-Desktop-GT22-0xxx,129.69.82.151,4076.016390323639,45
78.60000093281269,6.617081642150879,3.7703389808488708,0.9760001,1.1414657,"{'CA_Rhexis', 'GR_Idle', 'CA_Hydrodissection', 'LH_Washing', 'CA_Lens_implant_setting-up', 'CA_Irrigation_and_aspiration', 'GR_Ligation_of_the_deep_dorsal_venous_complex', 'GR_Developing_the_Space_of_Retzius', 'HC_Mobilization_of_sigmoid_colon_and_descending_colon', 'HC_Retroperitoneal_preparation_of_duodenum_and_pancreatic_head', 'GR_Bladder_neck_reconstruction', 'CA_Incision', 'HC_Mobilization_of_transverse_colon', 'CA_Tonifying_and_antibiotics', 'LH_Dividing_Ligament_and_Peritoneum', 'HC_General_preparation_and_orientation_in_the_abdomen', 'HC_Retroperitoneal_preparation_towards_lower_pancreatic_border', 'HC_Extra-abdominal_preparation_of_anastomosis', 'GR_Left_pelvic_isolated_lymphadenectomy', 'GR_Prostatic_pedicle_control', 'LH_Preparation', 'CA_Viscous_agent_injection', 'HC_Mobilization_of_splenic_flexure', 'CA_Capsule_Polishing', 'GR_Right_pelvic_isolated_lymphadenectomy', 'HC_Finalization_of_operation', 'LH_Suturing', 'GR_Bladder_neck_identification_and_transection', 'GR_Severing_of_the_prostate_from_the_urethra', 'HC_Creation_of_stoma', 'HC_Intra-abdominal_preparation_of_anastomosis', 'CA_Viscous_agent_removal', 'LH_Dividing_Uterine_Vessels_and_Ligament', 'CA_Phacoemulsificiation', 'GR_Seminal_vesicle_dissection', 'LH_Transecting_the_Vagina'}","{'M2_Calot_Triangle_Dissection', 'HCH_Galbladder_Packaging', 'HCH_Clipping_Cutting', 'HCH_Preparation', 'M2_Clipping_Cutting', 'M2_Cleaning_Coagulation', 'M2_Preparation', 'HCH_Galbladder_Retraction', 'M2_Gallbladder_Dissection', 'M2_Gallbladder_Packaging', 'HCH_Galbladder_Dissection', 'M2_Trocar_Placement', 'HCH_Cleaning_Coagulation', 'M2_Gallbladder_Retraction', 'HCH_Calot_Triangle_Dissection'}",1717395237,checkpoint_000045,True,False,46,563c6_00008,2024-06-03_08-13-57,90.52496027946472,4166.541350603104,2754764,fb-OMEN-by-HP-45L-Gaming-Desktop-GT22-0xxx,129.69.82.151,4166.541350603104,46
76.80000111460686,7.126349925994873,3.7072506362525375,0.9640001,1.8120723,"{'CA_Rhexis', 'GR_Idle', 'CA_Hydrodissection', 'LH_Washing', 'CA_Lens_implant_setting-up', 'CA_Irrigation_and_aspiration', 'GR_Ligation_of_the_deep_dorsal_venous_complex', 'GR_Developing_the_Space_of_Retzius', 'HC_Mobilization_of_sigmoid_colon_and_descending_colon', 'HC_Retroperitoneal_preparation_of_duodenum_and_pancreatic_head', 'GR_Bladder_neck_reconstruction', 'CA_Incision', 'HC_Mobilization_of_transverse_colon', 'LH_Dividing_Ligament_and_Peritoneum', 'HC_General_preparation_and_orientation_in_the_abdomen', 'HC_Retroperitoneal_preparation_towards_lower_pancreatic_border', 'HC_Extra-abdominal_preparation_of_anastomosis', 'GR_Left_pelvic_isolated_lymphadenectomy', 'GR_Prostatic_pedicle_control', 'LH_Preparation', 'HC_Dissection_and_resection_of_the_rectum', 'CA_Viscous_agent_injection', 'HC_Mobilization_of_splenic_flexure', 'CA_Capsule_Polishing', 'GR_Right_pelvic_isolated_lymphadenectomy', 'GR_Development_of_the_plane_between_the_prostate_and_rectum', 'HC_Finalization_of_operation', 'LH_Suturing', 'GR_Bladder_neck_identification_and_transection', 'HC_Creation_of_stoma', 'HC_Dissection_of_lymph_nodes_and_blood_vessels_en_bloc', 'HC_Intra-abdominal_preparation_of_anastomosis', 'CA_Viscous_agent_removal', 'LH_Dividing_Uterine_Vessels_and_Ligament', 'HC_Mobilization_of_ascending_colon', 'GR_Seminal_vesicle_dissection', 'LH_Specimen_Removal', 'LH_Transecting_the_Vagina'}","{'M2_Calot_Triangle_Dissection', 'HCH_Galbladder_Packaging', 'HCH_Clipping_Cutting', 'HCH_Preparation', 'M2_Clipping_Cutting', 'M2_Cleaning_Coagulation', 'M2_Preparation', 'HCH_Galbladder_Retraction', 'M2_Gallbladder_Dissection', 'M2_Gallbladder_Packaging', 'HCH_Galbladder_Dissection', 'M2_Trocar_Placement', 'HCH_Cleaning_Coagulation', 'M2_Gallbladder_Retraction', 'HCH_Calot_Triangle_Dissection'}",1717395327,checkpoint_000046,True,False,47,563c6_00008,2024-06-03_08-15-27,90.75738716125488,4257.2987377643585,2754764,fb-OMEN-by-HP-45L-Gaming-Desktop-GT22-0xxx,129.69.82.151,4257.2987377643585,47
77.20000113546848,6.820928573608398,3.4629377467677798,0.97466666,1.177547,"{'GR_Idle', 'CA_Hydrodissection', 'LH_Washing', 'CA_Lens_implant_setting-up', 'CA_Irrigation_and_aspiration', 'GR_Ligation_of_the_deep_dorsal_venous_complex', 'GR_Developing_the_Space_of_Retzius', 'HC_Mobilization_of_sigmoid_colon_and_descending_colon', 'HC_Retroperitoneal_preparation_of_duodenum_and_pancreatic_head', 'GR_Bladder_neck_reconstruction', 'CA_Incision', 'HC_Mobilization_of_transverse_colon', 'CA_Tonifying_and_antibiotics', 'LH_Dividing_Ligament_and_Peritoneum', 'HC_General_preparation_and_orientation_in_the_abdomen', 'HC_Retroperitoneal_preparation_towards_lower_pancreatic_border', 'HC_Extra-abdominal_preparation_of_anastomosis', 'GR_Left_pelvic_isolated_lymphadenectomy', 'GR_Prostatic_pedicle_control', 'HC_Dissection_and_resection_of_the_rectum', 'CA_Viscous_agent_injection', 'HC_Mobilization_of_splenic_flexure', 'CA_Capsule_Polishing', 'GR_Right_pelvic_isolated_lymphadenectomy', 'GR_Development_of_the_plane_between_the_prostate_and_rectum', 'HC_Finalization_of_operation', 'LH_Suturing', 'GR_Bladder_neck_identification_and_transection', 'GR_Severing_of_the_prostate_from_the_urethra', 'HC_Creation_of_stoma', 'HC_Dissection_of_lymph_nodes_and_blood_vessels_en_bloc', 'HC_Intra-abdominal_preparation_of_anastomosis', 'CA_Viscous_agent_removal', 'LH_Dividing_Uterine_Vessels_and_Ligament', 'CA_Phacoemulsificiation', 'HC_Mobilization_of_ascending_colon', 'GR_Seminal_vesicle_dissection', 'LH_Specimen_Removal', 'LH_Transecting_the_Vagina'}","{'M2_Calot_Triangle_Dissection', 'HCH_Galbladder_Packaging', 'HCH_Clipping_Cutting', 'HCH_Preparation', 'M2_Clipping_Cutting', 'M2_Cleaning_Coagulation', 'M2_Preparation', 'HCH_Galbladder_Retraction', 'M2_Gallbladder_Dissection', 'M2_Gallbladder_Packaging', 'HCH_Galbladder_Dissection', 'M2_Trocar_Placement', 'HCH_Cleaning_Coagulation', 'M2_Gallbladder_Retraction', 'HCH_Calot_Triangle_Dissection'}",1717395418,checkpoint_000047,True,False,48,563c6_00008,2024-06-03_08-16-58,90.45949816703796,4347.7582359313965,2754764,fb-OMEN-by-HP-45L-Gaming-Desktop-GT22-0xxx,129.69.82.151,4347.7582359313965,48
73.80000106990337,8.746275901794434,4.062262482397761,0.9813333,1.4615782,"{'CA_Rhexis', 'GR_Idle', 'CA_Hydrodissection', 'LH_Washing', 'CA_Lens_implant_setting-up', 'CA_Irrigation_and_aspiration', 'GR_Ligation_of_the_deep_dorsal_venous_complex', 'GR_Developing_the_Space_of_Retzius', 'HC_Retroperitoneal_preparation_of_duodenum_and_pancreatic_head', 'GR_Bladder_neck_reconstruction', 'CA_Incision', 'HC_Mobilization_of_transverse_colon', 'CA_Tonifying_and_antibiotics', 'LH_Dividing_Ligament_and_Peritoneum', 'HC_General_preparation_and_orientation_in_the_abdomen', 'HC_Retroperitoneal_preparation_towards_lower_pancreatic_border', 'HC_Extra-abdominal_preparation_of_anastomosis', 'GR_Left_pelvic_isolated_lymphadenectomy', 'GR_Prostatic_pedicle_control', 'LH_Preparation', 'HC_Dissection_and_resection_of_the_rectum', 'CA_Viscous_agent_injection', 'CA_Capsule_Polishing', 'GR_Right_pelvic_isolated_lymphadenectomy', 'GR_Development_of_the_plane_between_the_prostate_and_rectum', 'HC_Finalization_of_operation', 'LH_Suturing', 'GR_Bladder_neck_identification_and_transection', 'GR_Severing_of_the_prostate_from_the_urethra', 'HC_Creation_of_stoma', 'HC_Intra-abdominal_preparation_of_anastomosis', 'CA_Viscous_agent_removal', 'LH_Dividing_Uterine_Vessels_and_Ligament', 'CA_Phacoemulsificiation', 'HC_Mobilization_of_ascending_colon', 'GR_Seminal_vesicle_dissection', 'LH_Specimen_Removal', 'LH_Transecting_the_Vagina'}","{'M2_Calot_Triangle_Dissection', 'HCH_Galbladder_Packaging', 'HCH_Clipping_Cutting', 'HCH_Preparation', 'M2_Clipping_Cutting', 'M2_Cleaning_Coagulation', 'M2_Preparation', 'HCH_Galbladder_Retraction', 'M2_Gallbladder_Dissection', 'M2_Gallbladder_Packaging', 'HCH_Galbladder_Dissection', 'M2_Trocar_Placement', 'HCH_Cleaning_Coagulation', 'M2_Gallbladder_Retraction', 'HCH_Calot_Triangle_Dissection'}",1717395509,checkpoint_000048,True,False,49,563c6_00008,2024-06-03_08-18-29,90.91693210601807,4438.675168037415,2754764,fb-OMEN-by-HP-45L-Gaming-Desktop-GT22-0xxx,129.69.82.151,4438.675168037415,49
73.60000124573708,7.570391654968262,3.835995829888747,0.97133344,1.5869658,"{'CA_Rhexis', 'CA_Hydrodissection', 'LH_Washing', 'CA_Lens_implant_setting-up', 'GR_Ligation_of_the_deep_dorsal_venous_complex', 'HC_Mobilization_of_sigmoid_colon_and_descending_colon', 'GR_Bladder_neck_reconstruction', 'CA_Incision', 'HC_Mobilization_of_transverse_colon', 'CA_Tonifying_and_antibiotics', 'LH_Dividing_Ligament_and_Peritoneum', 'HC_General_preparation_and_orientation_in_the_abdomen', 'HC_Retroperitoneal_preparation_towards_lower_pancreatic_border', 'HC_Extra-abdominal_preparation_of_anastomosis', 'GR_Left_pelvic_isolated_lymphadenectomy', 'GR_Prostatic_pedicle_control', 'LH_Preparation', 'CA_Viscous_agent_injection', 'HC_Mobilization_of_splenic_flexure', 'CA_Capsule_Polishing', 'GR_Right_pelvic_isolated_lymphadenectomy', 'GR_Development_of_the_plane_between_the_prostate_and_rectum', 'HC_Finalization_of_operation', 'LH_Suturing', 'GR_Bladder_neck_identification_and_transection', 'GR_Severing_of_the_prostate_from_the_urethra', 'HC_Creation_of_stoma', 'HC_Dissection_of_lymph_nodes_and_blood_vessels_en_bloc', 'HC_Intra-abdominal_preparation_of_anastomosis', 'CA_Viscous_agent_removal', 'LH_Dividing_Uterine_Vessels_and_Ligament', 'CA_Phacoemulsificiation', 'HC_Mobilization_of_ascending_colon', 'LH_Specimen_Removal', 'LH_Transecting_the_Vagina'}","{'M2_Calot_Triangle_Dissection', 'HCH_Galbladder_Packaging', 'HCH_Clipping_Cutting', 'HCH_Preparation', 'M2_Clipping_Cutting', 'M2_Cleaning_Coagulation', 'M2_Preparation', 'HCH_Galbladder_Retraction', 'M2_Gallbladder_Dissection', 'M2_Gallbladder_Packaging', 'HCH_Galbladder_Dissection', 'M2_Trocar_Placement', 'HCH_Cleaning_Coagulation', 'M2_Gallbladder_Retraction', 'HCH_Calot_Triangle_Dissection'}",1717395599,checkpoint_000049,True,False,50,563c6_00008,2024-06-03_08-19-59,90.35468888282776,4529.029856920242,2754764,fb-OMEN-by-HP-45L-Gaming-Desktop-GT22-0xxx,129.69.82.151,4529.029856920242,50
76.20000107586384,6.910562515258789,3.828577858387656,0.9760001,1.3146558,"{'CA_Rhexis', 'LH_Washing', 'CA_Lens_implant_setting-up', 'CA_Irrigation_and_aspiration', 'GR_Ligation_of_the_deep_dorsal_venous_complex', 'GR_Developing_the_Space_of_Retzius', 'HC_Mobilization_of_sigmoid_colon_and_descending_colon', 'HC_Retroperitoneal_preparation_of_duodenum_and_pancreatic_head', 'GR_Bladder_neck_reconstruction', 'CA_Incision', 'HC_Mobilization_of_transverse_colon', 'CA_Tonifying_and_antibiotics', 'LH_Dividing_Ligament_and_Peritoneum', 'HC_General_preparation_and_orientation_in_the_abdomen', 'HC_Retroperitoneal_preparation_towards_lower_pancreatic_border', 'HC_Extra-abdominal_preparation_of_anastomosis', 'GR_Left_pelvic_isolated_lymphadenectomy', 'GR_Prostatic_pedicle_control', 'LH_Preparation', 'HC_Dissection_and_resection_of_the_rectum', 'CA_Viscous_agent_injection', 'CA_Capsule_Polishing', 'GR_Right_pelvic_isolated_lymphadenectomy', 'GR_Development_of_the_plane_between_the_prostate_and_rectum', 'HC_Finalization_of_operation', 'LH_Suturing', 'GR_Bladder_neck_identification_and_transection', 'GR_Severing_of_the_prostate_from_the_urethra', 'HC_Creation_of_stoma', 'HC_Dissection_of_lymph_nodes_and_blood_vessels_en_bloc', 'HC_Intra-abdominal_preparation_of_anastomosis', 'CA_Viscous_agent_removal', 'LH_Dividing_Uterine_Vessels_and_Ligament', 'CA_Phacoemulsificiation', 'HC_Mobilization_of_ascending_colon', 'GR_Seminal_vesicle_dissection', 'LH_Specimen_Removal', 'LH_Transecting_the_Vagina'}","{'M2_Calot_Triangle_Dissection', 'HCH_Galbladder_Packaging', 'HCH_Clipping_Cutting', 'HCH_Preparation', 'M2_Clipping_Cutting', 'M2_Cleaning_Coagulation', 'M2_Preparation', 'HCH_Galbladder_Retraction', 'M2_Gallbladder_Dissection', 'M2_Gallbladder_Packaging', 'HCH_Galbladder_Dissection', 'M2_Trocar_Placement', 'HCH_Cleaning_Coagulation', 'M2_Gallbladder_Retraction', 'HCH_Calot_Triangle_Dissection'}",1717395690,checkpoint_000050,True,False,51,563c6_00008,2024-06-03_08-21-30,90.71819138526917,4619.7480483055115,2754764,fb-OMEN-by-HP-45L-Gaming-Desktop-GT22-0xxx,129.69.82.151,4619.7480483055115,51
75.60000120103359,7.0143327713012695,3.4876986038806983,0.9746668,1.4879948,"{'CA_Rhexis', 'GR_Idle', 'CA_Hydrodissection', 'LH_Washing', 'CA_Lens_implant_setting-up', 'CA_Irrigation_and_aspiration', 'GR_Ligation_of_the_deep_dorsal_venous_complex', 'GR_Developing_the_Space_of_Retzius', 'HC_Mobilization_of_sigmoid_colon_and_descending_colon', 'HC_Retroperitoneal_preparation_of_duodenum_and_pancreatic_head', 'GR_Bladder_neck_reconstruction', 'CA_Incision', 'LH_Dividing_Ligament_and_Peritoneum', 'HC_General_preparation_and_orientation_in_the_abdomen', 'HC_Retroperitoneal_preparation_towards_lower_pancreatic_border', 'HC_Extra-abdominal_preparation_of_anastomosis', 'GR_Left_pelvic_isolated_lymphadenectomy', 'GR_Prostatic_pedicle_control', 'LH_Preparation', 'CA_Viscous_agent_injection', 'HC_Mobilization_of_splenic_flexure', 'CA_Capsule_Polishing', 'GR_Right_pelvic_isolated_lymphadenectomy', 'GR_Development_of_the_plane_between_the_prostate_and_rectum', 'HC_Finalization_of_operation', 'LH_Suturing', 'GR_Bladder_neck_identification_and_transection', 'GR_Severing_of_the_prostate_from_the_urethra', 'HC_Creation_of_stoma', 'HC_Dissection_of_lymph_nodes_and_blood_vessels_en_bloc', 'HC_Intra-abdominal_preparation_of_anastomosis', 'CA_Viscous_agent_removal', 'LH_Dividing_Uterine_Vessels_and_Ligament', 'CA_Phacoemulsificiation', 'HC_Mobilization_of_ascending_colon', 'GR_Seminal_vesicle_dissection', 'LH_Specimen_Removal', 'LH_Transecting_the_Vagina'}","{'M2_Calot_Triangle_Dissection', 'HCH_Galbladder_Packaging', 'HCH_Clipping_Cutting', 'HCH_Preparation', 'M2_Clipping_Cutting', 'M2_Cleaning_Coagulation', 'M2_Preparation', 'HCH_Galbladder_Retraction', 'M2_Gallbladder_Dissection', 'M2_Gallbladder_Packaging', 'HCH_Galbladder_Dissection', 'M2_Trocar_Placement', 'HCH_Cleaning_Coagulation', 'M2_Gallbladder_Retraction', 'HCH_Calot_Triangle_Dissection'}",1717395781,checkpoint_000051,True,False,52,563c6_00008,2024-06-03_08-23-01,90.66357111930847,4710.41161942482,2754764,fb-OMEN-by-HP-45L-Gaming-Desktop-GT22-0xxx,129.69.82.151,4710.41161942482,52
75.40000122785568,7.903553485870361,3.5434283669470856,0.9813334,1.0850189,"{'GR_Idle', 'CA_Hydrodissection', 'LH_Washing', 'CA_Lens_implant_setting-up', 'GR_Ligation_of_the_deep_dorsal_venous_complex', 'HC_Mobilization_of_sigmoid_colon_and_descending_colon', 'HC_Retroperitoneal_preparation_of_duodenum_and_pancreatic_head', 'GR_Bladder_neck_reconstruction', 'CA_Incision', 'HC_Mobilization_of_transverse_colon', 'CA_Tonifying_and_antibiotics', 'LH_Dividing_Ligament_and_Peritoneum', 'HC_General_preparation_and_orientation_in_the_abdomen', 'HC_Retroperitoneal_preparation_towards_lower_pancreatic_border', 'HC_Extra-abdominal_preparation_of_anastomosis', 'GR_Left_pelvic_isolated_lymphadenectomy', 'GR_Prostatic_pedicle_control', 'LH_Preparation', 'HC_Dissection_and_resection_of_the_rectum', 'CA_Viscous_agent_injection', 'HC_Mobilization_of_splenic_flexure', 'CA_Capsule_Polishing', 'GR_Right_pelvic_isolated_lymphadenectomy', 'GR_Development_of_the_plane_between_the_prostate_and_rectum', 'HC_Finalization_of_operation', 'LH_Suturing', 'GR_Bladder_neck_identification_and_transection', 'GR_Severing_of_the_prostate_from_the_urethra', 'HC_Creation_of_stoma', 'HC_Intra-abdominal_preparation_of_anastomosis', 'CA_Viscous_agent_removal', 'LH_Dividing_Uterine_Vessels_and_Ligament', 'CA_Phacoemulsificiation', 'HC_Mobilization_of_ascending_colon', 'GR_Seminal_vesicle_dissection', 'LH_Specimen_Removal', 'LH_Transecting_the_Vagina'}","{'M2_Calot_Triangle_Dissection', 'HCH_Galbladder_Packaging', 'HCH_Clipping_Cutting', 'HCH_Preparation', 'M2_Clipping_Cutting', 'M2_Cleaning_Coagulation', 'M2_Preparation', 'HCH_Galbladder_Retraction', 'M2_Gallbladder_Dissection', 'M2_Gallbladder_Packaging', 'HCH_Galbladder_Dissection', 'M2_Trocar_Placement', 'HCH_Cleaning_Coagulation', 'M2_Gallbladder_Retraction', 'HCH_Calot_Triangle_Dissection'}",1717395872,checkpoint_000052,True,False,53,563c6_00008,2024-06-03_08-24-32,90.88934779167175,4801.300967216492,2754764,fb-OMEN-by-HP-45L-Gaming-Desktop-GT22-0xxx,129.69.82.151,4801.300967216492,53
73.00000111758709,7.872012615203857,4.050139688627426,0.9753334,1.3925662,"{'CA_Rhexis', 'GR_Idle', 'CA_Hydrodissection', 'LH_Washing', 'CA_Lens_implant_setting-up', 'CA_Irrigation_and_aspiration', 'GR_Ligation_of_the_deep_dorsal_venous_complex', 'GR_Developing_the_Space_of_Retzius', 'HC_Mobilization_of_sigmoid_colon_and_descending_colon', 'HC_Retroperitoneal_preparation_of_duodenum_and_pancreatic_head', 'GR_Bladder_neck_reconstruction', 'CA_Incision', 'HC_Mobilization_of_transverse_colon', 'CA_Tonifying_and_antibiotics', 'LH_Dividing_Ligament_and_Peritoneum', 'HC_General_preparation_and_orientation_in_the_abdomen', 'HC_Retroperitoneal_preparation_towards_lower_pancreatic_border', 'HC_Extra-abdominal_preparation_of_anastomosis', 'GR_Left_pelvic_isolated_lymphadenectomy', 'GR_Prostatic_pedicle_control', 'LH_Preparation', 'CA_Viscous_agent_injection', 'HC_Mobilization_of_splenic_flexure', 'CA_Capsule_Polishing', 'GR_Right_pelvic_isolated_lymphadenectomy', 'GR_Development_of_the_plane_between_the_prostate_and_rectum', 'HC_Finalization_of_operation', 'LH_Suturing', 'GR_Bladder_neck_identification_and_transection', 'GR_Severing_of_the_prostate_from_the_urethra', 'HC_Creation_of_stoma', 'HC_Dissection_of_lymph_nodes_and_blood_vessels_en_bloc', 'HC_Intra-abdominal_preparation_of_anastomosis', 'CA_Viscous_agent_removal', 'CA_Phacoemulsificiation', 'HC_Mobilization_of_ascending_colon', 'GR_Seminal_vesicle_dissection', 'LH_Specimen_Removal', 'LH_Transecting_the_Vagina'}","{'M2_Calot_Triangle_Dissection', 'HCH_Galbladder_Packaging', 'HCH_Clipping_Cutting', 'HCH_Preparation', 'M2_Clipping_Cutting', 'M2_Cleaning_Coagulation', 'M2_Preparation', 'HCH_Galbladder_Retraction', 'M2_Gallbladder_Dissection', 'M2_Gallbladder_Packaging', 'HCH_Galbladder_Dissection', 'M2_Trocar_Placement', 'HCH_Cleaning_Coagulation', 'M2_Gallbladder_Retraction', 'HCH_Calot_Triangle_Dissection'}",1717395962,checkpoint_000053,True,False,54,563c6_00008,2024-06-03_08-26-02,90.75313448905945,4892.054101705551,2754764,fb-OMEN-by-HP-45L-Gaming-Desktop-GT22-0xxx,129.69.82.151,4892.054101705551,54
73.00000123679638,8.760988235473633,3.734301454201262,0.98466676,1.0286139,"{'CA_Rhexis', 'GR_Idle', 'CA_Hydrodissection', 'LH_Washing', 'CA_Irrigation_and_aspiration', 'GR_Ligation_of_the_deep_dorsal_venous_complex', 'GR_Developing_the_Space_of_Retzius', 'HC_Mobilization_of_sigmoid_colon_and_descending_colon', 'HC_Retroperitoneal_preparation_of_duodenum_and_pancreatic_head', 'GR_Bladder_neck_reconstruction', 'CA_Incision', 'HC_Mobilization_of_transverse_colon', 'LH_Dividing_Ligament_and_Peritoneum', 'HC_Retroperitoneal_preparation_towards_lower_pancreatic_border', 'HC_Extra-abdominal_preparation_of_anastomosis', 'GR_Left_pelvic_isolated_lymphadenectomy', 'GR_Prostatic_pedicle_control', 'LH_Preparation', 'HC_Dissection_and_resection_of_the_rectum', 'CA_Viscous_agent_injection', 'HC_Mobilization_of_splenic_flexure', 'CA_Capsule_Polishing', 'GR_Right_pelvic_isolated_lymphadenectomy', 'GR_Development_of_the_plane_between_the_prostate_and_rectum', 'HC_Finalization_of_operation', 'LH_Suturing', 'GR_Bladder_neck_identification_and_transection', 'GR_Severing_of_the_prostate_from_the_urethra', 'HC_Creation_of_stoma', 'HC_Dissection_of_lymph_nodes_and_blood_vessels_en_bloc', 'CA_Viscous_agent_removal', 'LH_Dividing_Uterine_Vessels_and_Ligament', 'HC_Mobilization_of_ascending_colon', 'GR_Seminal_vesicle_dissection', 'LH_Specimen_Removal', 'LH_Transecting_the_Vagina'}","{'M2_Calot_Triangle_Dissection', 'HCH_Galbladder_Packaging', 'HCH_Clipping_Cutting', 'HCH_Preparation', 'M2_Clipping_Cutting', 'M2_Cleaning_Coagulation', 'M2_Preparation', 'HCH_Galbladder_Retraction', 'M2_Gallbladder_Dissection', 'M2_Gallbladder_Packaging', 'HCH_Galbladder_Dissection', 'M2_Trocar_Placement', 'HCH_Cleaning_Coagulation', 'M2_Gallbladder_Retraction', 'HCH_Calot_Triangle_Dissection'}",1717396053,checkpoint_000054,True,False,55,563c6_00008,2024-06-03_08-27-33,90.91634035110474,4982.970442056656,2754764,fb-OMEN-by-HP-45L-Gaming-Desktop-GT22-0xxx,129.69.82.151,4982.970442056656,55
74.00000116229057,7.653788089752197,3.900350668333059,0.97800004,1.4816089,"{'CA_Rhexis', 'GR_Idle', 'CA_Hydrodissection', 'LH_Washing', 'CA_Lens_implant_setting-up', 'CA_Irrigation_and_aspiration', 'GR_Ligation_of_the_deep_dorsal_venous_complex', 'GR_Developing_the_Space_of_Retzius', 'HC_Mobilization_of_sigmoid_colon_and_descending_colon', 'HC_Retroperitoneal_preparation_of_duodenum_and_pancreatic_head', 'GR_Bladder_neck_reconstruction', 'CA_Incision', 'HC_Mobilization_of_transverse_colon', 'CA_Tonifying_and_antibiotics', 'LH_Dividing_Ligament_and_Peritoneum', 'HC_General_preparation_and_orientation_in_the_abdomen', 'HC_Retroperitoneal_preparation_towards_lower_pancreatic_border', 'HC_Extra-abdominal_preparation_of_anastomosis', 'GR_Left_pelvic_isolated_lymphadenectomy', 'GR_Prostatic_pedicle_control', 'LH_Preparation', 'HC_Dissection_and_resection_of_the_rectum', 'CA_Viscous_agent_injection', 'HC_Mobilization_of_splenic_flexure', 'GR_Right_pelvic_isolated_lymphadenectomy', 'GR_Development_of_the_plane_between_the_prostate_and_rectum', 'HC_Finalization_of_operation', 'LH_Suturing', 'GR_Bladder_neck_identification_and_transection', 'GR_Severing_of_the_prostate_from_the_urethra', 'HC_Creation_of_stoma', 'HC_Intra-abdominal_preparation_of_anastomosis', 'CA_Viscous_agent_removal', 'LH_Dividing_Uterine_Vessels_and_Ligament', 'CA_Phacoemulsificiation', 'HC_Mobilization_of_ascending_colon', 'GR_Seminal_vesicle_dissection', 'LH_Specimen_Removal', 'LH_Transecting_the_Vagina'}","{'M2_Calot_Triangle_Dissection', 'HCH_Galbladder_Packaging', 'HCH_Clipping_Cutting', 'HCH_Preparation', 'M2_Clipping_Cutting', 'M2_Cleaning_Coagulation', 'M2_Preparation', 'HCH_Galbladder_Retraction', 'M2_Gallbladder_Dissection', 'M2_Gallbladder_Packaging', 'HCH_Galbladder_Dissection', 'M2_Trocar_Placement', 'HCH_Cleaning_Coagulation', 'M2_Gallbladder_Retraction', 'HCH_Calot_Triangle_Dissection'}",1717396144,checkpoint_000055,True,False,56,563c6_00008,2024-06-03_08-29-04,90.55804681777954,5073.528488874435,2754764,fb-OMEN-by-HP-45L-Gaming-Desktop-GT22-0xxx,129.69.82.151,5073.528488874435,56
74.60000114142895,8.415817260742188,3.9920536991162647,0.9826666,0.65869,"{'CA_Rhexis', 'GR_Idle', 'CA_Hydrodissection', 'LH_Washing', 'CA_Lens_implant_setting-up', 'CA_Irrigation_and_aspiration', 'GR_Developing_the_Space_of_Retzius', 'HC_Mobilization_of_sigmoid_colon_and_descending_colon', 'HC_Retroperitoneal_preparation_of_duodenum_and_pancreatic_head', 'GR_Bladder_neck_reconstruction', 'CA_Incision', 'HC_General_preparation_and_orientation_in_the_abdomen', 'HC_Extra-abdominal_preparation_of_anastomosis', 'GR_Left_pelvic_isolated_lymphadenectomy', 'GR_Prostatic_pedicle_control', 'LH_Preparation', 'HC_Dissection_and_resection_of_the_rectum', 'CA_Viscous_agent_injection', 'HC_Mobilization_of_splenic_flexure', 'CA_Capsule_Polishing', 'GR_Development_of_the_plane_between_the_prostate_and_rectum', 'HC_Finalization_of_operation', 'LH_Suturing', 'GR_Bladder_neck_identification_and_transection', 'GR_Severing_of_the_prostate_from_the_urethra', 'HC_Creation_of_stoma', 'HC_Dissection_of_lymph_nodes_and_blood_vessels_en_bloc', 'HC_Intra-abdominal_preparation_of_anastomosis', 'CA_Viscous_agent_removal', 'LH_Dividing_Uterine_Vessels_and_Ligament', 'CA_Phacoemulsificiation', 'GR_Seminal_vesicle_dissection', 'LH_Specimen_Removal', 'LH_Transecting_the_Vagina'}","{'M2_Calot_Triangle_Dissection', 'HCH_Galbladder_Packaging', 'HCH_Clipping_Cutting', 'HCH_Preparation', 'M2_Clipping_Cutting', 'M2_Cleaning_Coagulation', 'M2_Preparation', 'HCH_Galbladder_Retraction', 'M2_Gallbladder_Dissection', 'M2_Gallbladder_Packaging', 'HCH_Galbladder_Dissection', 'M2_Trocar_Placement', 'HCH_Cleaning_Coagulation', 'M2_Gallbladder_Retraction', 'HCH_Calot_Triangle_Dissection'}",1717396234,checkpoint_000056,True,False,57,563c6_00008,2024-06-03_08-30-34,90.29616069793701,5163.824649572372,2754764,fb-OMEN-by-HP-45L-Gaming-Desktop-GT22-0xxx,129.69.82.151,5163.824649572372,57
74.00000132620335,8.466866493225098,3.527999882201356,0.97200006,1.5216513,"{'CA_Rhexis', 'GR_Idle', 'CA_Hydrodissection', 'LH_Washing', 'CA_Lens_implant_setting-up', 'CA_Irrigation_and_aspiration', 'GR_Ligation_of_the_deep_dorsal_venous_complex', 'GR_Developing_the_Space_of_Retzius', 'HC_Mobilization_of_sigmoid_colon_and_descending_colon', 'HC_Retroperitoneal_preparation_of_duodenum_and_pancreatic_head', 'GR_Bladder_neck_reconstruction', 'CA_Incision', 'HC_Mobilization_of_transverse_colon', 'LH_Dividing_Ligament_and_Peritoneum', 'HC_General_preparation_and_orientation_in_the_abdomen', 'HC_Retroperitoneal_preparation_towards_lower_pancreatic_border', 'HC_Extra-abdominal_preparation_of_anastomosis', 'GR_Prostatic_pedicle_control', 'LH_Preparation', 'HC_Dissection_and_resection_of_the_rectum', 'CA_Viscous_agent_injection', 'HC_Mobilization_of_splenic_flexure', 'CA_Capsule_Polishing', 'GR_Development_of_the_plane_between_the_prostate_and_rectum', 'HC_Finalization_of_operation', 'LH_Suturing', 'GR_Bladder_neck_identification_and_transection', 'GR_Severing_of_the_prostate_from_the_urethra', 'HC_Creation_of_stoma', 'HC_Dissection_of_lymph_nodes_and_blood_vessels_en_bloc', 'HC_Intra-abdominal_preparation_of_anastomosis', 'CA_Viscous_agent_removal', 'LH_Dividing_Uterine_Vessels_and_Ligament', 'CA_Phacoemulsificiation', 'HC_Mobilization_of_ascending_colon', 'GR_Seminal_vesicle_dissection', 'LH_Specimen_Removal', 'LH_Transecting_the_Vagina'}","{'M2_Calot_Triangle_Dissection', 'HCH_Galbladder_Packaging', 'HCH_Clipping_Cutting', 'HCH_Preparation', 'M2_Clipping_Cutting', 'M2_Cleaning_Coagulation', 'M2_Preparation', 'HCH_Galbladder_Retraction', 'M2_Gallbladder_Dissection', 'M2_Gallbladder_Packaging', 'HCH_Galbladder_Dissection', 'M2_Trocar_Placement', 'HCH_Cleaning_Coagulation', 'M2_Gallbladder_Retraction', 'HCH_Calot_Triangle_Dissection'}",1717396325,checkpoint_000057,True,False,58,563c6_00008,2024-06-03_08-32-05,90.68133568763733,5254.50598526001,2754764,fb-OMEN-by-HP-45L-Gaming-Desktop-GT22-0xxx,129.69.82.151,5254.50598526001,58
74.80000123381615,7.945226192474365,3.4894605063855275,0.9760001,1.23108,"{'CA_Rhexis', 'GR_Idle', 'CA_Hydrodissection', 'LH_Washing', 'CA_Lens_implant_setting-up', 'CA_Irrigation_and_aspiration', 'GR_Ligation_of_the_deep_dorsal_venous_complex', 'GR_Developing_the_Space_of_Retzius', 'HC_Mobilization_of_sigmoid_colon_and_descending_colon', 'HC_Retroperitoneal_preparation_of_duodenum_and_pancreatic_head', 'CA_Incision', 'HC_Mobilization_of_transverse_colon', 'CA_Tonifying_and_antibiotics', 'LH_Dividing_Ligament_and_Peritoneum', 'HC_General_preparation_and_orientation_in_the_abdomen', 'HC_Retroperitoneal_preparation_towards_lower_pancreatic_border', 'HC_Extra-abdominal_preparation_of_anastomosis', 'GR_Left_pelvic_isolated_lymphadenectomy', 'GR_Prostatic_pedicle_control', 'LH_Preparation', 'CA_Viscous_agent_injection', 'HC_Mobilization_of_splenic_flexure', 'CA_Capsule_Polishing', 'GR_Right_pelvic_isolated_lymphadenectomy', 'GR_Development_of_the_plane_between_the_prostate_and_rectum', 'HC_Finalization_of_operation', 'LH_Suturing', 'GR_Bladder_neck_identification_and_transection', 'GR_Severing_of_the_prostate_from_the_urethra', 'HC_Creation_of_stoma', 'HC_Dissection_of_lymph_nodes_and_blood_vessels_en_bloc', 'HC_Intra-abdominal_preparation_of_anastomosis', 'CA_Viscous_agent_removal', 'LH_Dividing_Uterine_Vessels_and_Ligament', 'CA_Phacoemulsificiation', 'HC_Mobilization_of_ascending_colon', 'GR_Seminal_vesicle_dissection', 'LH_Specimen_Removal', 'LH_Transecting_the_Vagina'}","{'M2_Calot_Triangle_Dissection', 'HCH_Galbladder_Packaging', 'HCH_Clipping_Cutting', 'HCH_Preparation', 'M2_Clipping_Cutting', 'M2_Cleaning_Coagulation', 'M2_Preparation', 'HCH_Galbladder_Retraction', 'M2_Gallbladder_Dissection', 'M2_Gallbladder_Packaging', 'HCH_Galbladder_Dissection', 'M2_Trocar_Placement', 'HCH_Cleaning_Coagulation', 'M2_Gallbladder_Retraction', 'HCH_Calot_Triangle_Dissection'}",1717396415,checkpoint_000058,True,False,59,563c6_00008,2024-06-03_08-33-35,90.48863410949707,5344.994619369507,2754764,fb-OMEN-by-HP-45L-Gaming-Desktop-GT22-0xxx,129.69.82.151,5344.994619369507,59
78.00000113248825,7.018398284912109,3.484172078834817,0.96800005,1.9437811,"{'CA_Rhexis', 'GR_Idle', 'CA_Hydrodissection', 'LH_Washing', 'CA_Lens_implant_setting-up', 'CA_Irrigation_and_aspiration', 'GR_Ligation_of_the_deep_dorsal_venous_complex', 'GR_Developing_the_Space_of_Retzius', 'HC_Mobilization_of_sigmoid_colon_and_descending_colon', 'HC_Retroperitoneal_preparation_of_duodenum_and_pancreatic_head', 'GR_Bladder_neck_reconstruction', 'CA_Incision', 'HC_Mobilization_of_transverse_colon', 'CA_Tonifying_and_antibiotics', 'LH_Dividing_Ligament_and_Peritoneum', 'HC_General_preparation_and_orientation_in_the_abdomen', 'HC_Retroperitoneal_preparation_towards_lower_pancreatic_border', 'HC_Extra-abdominal_preparation_of_anastomosis', 'GR_Prostatic_pedicle_control', 'LH_Preparation', 'HC_Dissection_and_resection_of_the_rectum', 'CA_Viscous_agent_injection', 'HC_Mobilization_of_splenic_flexure', 'GR_Right_pelvic_isolated_lymphadenectomy', 'GR_Development_of_the_plane_between_the_prostate_and_rectum', 'HC_Finalization_of_operation', 'LH_Suturing', 'GR_Bladder_neck_identification_and_transection', 'GR_Severing_of_the_prostate_from_the_urethra', 'HC_Creation_of_stoma', 'HC_Dissection_of_lymph_nodes_and_blood_vessels_en_bloc', 'HC_Intra-abdominal_preparation_of_anastomosis', 'CA_Viscous_agent_removal', 'LH_Dividing_Uterine_Vessels_and_Ligament', 'CA_Phacoemulsificiation', 'HC_Mobilization_of_ascending_colon', 'GR_Seminal_vesicle_dissection', 'LH_Specimen_Removal'}","{'M2_Calot_Triangle_Dissection', 'HCH_Galbladder_Packaging', 'HCH_Clipping_Cutting', 'HCH_Preparation', 'M2_Clipping_Cutting', 'M2_Cleaning_Coagulation', 'M2_Preparation', 'HCH_Galbladder_Retraction', 'M2_Gallbladder_Dissection', 'M2_Gallbladder_Packaging', 'HCH_Galbladder_Dissection', 'M2_Trocar_Placement', 'HCH_Cleaning_Coagulation', 'M2_Gallbladder_Retraction', 'HCH_Calot_Triangle_Dissection'}",1717396506,checkpoint_000059,True,False,60,563c6_00008,2024-06-03_08-35-06,90.40451407432556,5435.399133443832,2754764,fb-OMEN-by-HP-45L-Gaming-Desktop-GT22-0xxx,129.69.82.151,5435.399133443832,60
74.60000117123127,8.367363929748535,3.874855967298759,0.9726667,1.3567085,"{'CA_Rhexis', 'GR_Idle', 'CA_Hydrodissection', 'LH_Washing', 'CA_Lens_implant_setting-up', 'CA_Irrigation_and_aspiration', 'GR_Ligation_of_the_deep_dorsal_venous_complex', 'HC_Mobilization_of_sigmoid_colon_and_descending_colon', 'HC_Retroperitoneal_preparation_of_duodenum_and_pancreatic_head', 'GR_Bladder_neck_reconstruction', 'CA_Incision', 'HC_Mobilization_of_transverse_colon', 'CA_Tonifying_and_antibiotics', 'LH_Dividing_Ligament_and_Peritoneum', 'HC_Retroperitoneal_preparation_towards_lower_pancreatic_border', 'HC_Extra-abdominal_preparation_of_anastomosis', 'GR_Left_pelvic_isolated_lymphadenectomy', 'GR_Prostatic_pedicle_control', 'LH_Preparation', 'CA_Viscous_agent_injection', 'HC_Mobilization_of_splenic_flexure', 'CA_Capsule_Polishing', 'GR_Right_pelvic_isolated_lymphadenectomy', 'GR_Development_of_the_plane_between_the_prostate_and_rectum', 'HC_Finalization_of_operation', 'LH_Suturing', 'GR_Bladder_neck_identification_and_transection', 'GR_Severing_of_the_prostate_from_the_urethra', 'HC_Dissection_of_lymph_nodes_and_blood_vessels_en_bloc', 'HC_Intra-abdominal_preparation_of_anastomosis', 'CA_Viscous_agent_removal', 'LH_Dividing_Uterine_Vessels_and_Ligament', 'CA_Phacoemulsificiation', 'HC_Mobilization_of_ascending_colon', 'GR_Seminal_vesicle_dissection', 'LH_Transecting_the_Vagina'}","{'M2_Calot_Triangle_Dissection', 'HCH_Galbladder_Packaging', 'HCH_Clipping_Cutting', 'HCH_Preparation', 'M2_Clipping_Cutting', 'M2_Cleaning_Coagulation', 'M2_Preparation', 'HCH_Galbladder_Retraction', 'M2_Gallbladder_Dissection', 'M2_Gallbladder_Packaging', 'HCH_Galbladder_Dissection', 'M2_Trocar_Placement', 'HCH_Cleaning_Coagulation', 'M2_Gallbladder_Retraction', 'HCH_Calot_Triangle_Dissection'}",1717396596,checkpoint_000060,True,False,61,563c6_00008,2024-06-03_08-36-36,90.61248731613159,5526.011620759964,2754764,fb-OMEN-by-HP-45L-Gaming-Desktop-GT22-0xxx,129.69.82.151,5526.011620759964,61
74.80000114440918,7.285152912139893,3.785185694996798,0.9766667,1.7002095,"{'CA_Rhexis', 'CA_Hydrodissection', 'LH_Washing', 'CA_Lens_implant_setting-up', 'CA_Irrigation_and_aspiration', 'GR_Ligation_of_the_deep_dorsal_venous_complex', 'GR_Developing_the_Space_of_Retzius', 'HC_Mobilization_of_sigmoid_colon_and_descending_colon', 'HC_Retroperitoneal_preparation_of_duodenum_and_pancreatic_head', 'GR_Bladder_neck_reconstruction', 'CA_Incision', 'CA_Tonifying_and_antibiotics', 'LH_Dividing_Ligament_and_Peritoneum', 'HC_General_preparation_and_orientation_in_the_abdomen', 'HC_Extra-abdominal_preparation_of_anastomosis', 'GR_Left_pelvic_isolated_lymphadenectomy', 'GR_Prostatic_pedicle_control', 'LH_Preparation', 'HC_Dissection_and_resection_of_the_rectum', 'CA_Viscous_agent_injection', 'HC_Mobilization_of_splenic_flexure', 'CA_Capsule_Polishing', 'GR_Right_pelvic_isolated_lymphadenectomy', 'GR_Development_of_the_plane_between_the_prostate_and_rectum', 'HC_Finalization_of_operation', 'LH_Suturing', 'GR_Bladder_neck_identification_and_transection', 'GR_Severing_of_the_prostate_from_the_urethra', 'HC_Creation_of_stoma', 'HC_Dissection_of_lymph_nodes_and_blood_vessels_en_bloc', 'HC_Intra-abdominal_preparation_of_anastomosis', 'CA_Viscous_agent_removal', 'LH_Dividing_Uterine_Vessels_and_Ligament', 'CA_Phacoemulsificiation', 'HC_Mobilization_of_ascending_colon', 'GR_Seminal_vesicle_dissection', 'LH_Specimen_Removal', 'LH_Transecting_the_Vagina'}","{'M2_Calot_Triangle_Dissection', 'HCH_Galbladder_Packaging', 'HCH_Clipping_Cutting', 'HCH_Preparation', 'M2_Clipping_Cutting', 'M2_Cleaning_Coagulation', 'M2_Preparation', 'HCH_Galbladder_Retraction', 'M2_Gallbladder_Dissection', 'M2_Gallbladder_Packaging', 'HCH_Galbladder_Dissection', 'M2_Trocar_Placement', 'HCH_Cleaning_Coagulation', 'M2_Gallbladder_Retraction', 'HCH_Calot_Triangle_Dissection'}",1717396687,checkpoint_000061,True,False,62,563c6_00008,2024-06-03_08-38-07,90.58200645446777,5616.593627214432,2754764,fb-OMEN-by-HP-45L-Gaming-Desktop-GT22-0xxx,129.69.82.151,5616.593627214432,62
76.20000112056732,6.925685405731201,3.788229166186933,0.9866666,0.70910233,"{'CA_Hydrodissection', 'LH_Washing', 'CA_Lens_implant_setting-up', 'CA_Irrigation_and_aspiration', 'GR_Ligation_of_the_deep_dorsal_venous_complex', 'GR_Developing_the_Space_of_Retzius', 'HC_Mobilization_of_sigmoid_colon_and_descending_colon', 'HC_Retroperitoneal_preparation_of_duodenum_and_pancreatic_head', 'GR_Bladder_neck_reconstruction', 'CA_Incision', 'HC_Mobilization_of_transverse_colon', 'CA_Tonifying_and_antibiotics', 'LH_Dividing_Ligament_and_Peritoneum', 'HC_Extra-abdominal_preparation_of_anastomosis', 'GR_Left_pelvic_isolated_lymphadenectomy', 'GR_Prostatic_pedicle_control', 'LH_Preparation', 'HC_Dissection_and_resection_of_the_rectum', 'CA_Viscous_agent_injection', 'HC_Mobilization_of_splenic_flexure', 'CA_Capsule_Polishing', 'GR_Right_pelvic_isolated_lymphadenectomy', 'GR_Development_of_the_plane_between_the_prostate_and_rectum', 'HC_Finalization_of_operation', 'LH_Suturing', 'GR_Bladder_neck_identification_and_transection', 'GR_Severing_of_the_prostate_from_the_urethra', 'HC_Creation_of_stoma', 'HC_Intra-abdominal_preparation_of_anastomosis', 'CA_Viscous_agent_removal', 'LH_Dividing_Uterine_Vessels_and_Ligament', 'CA_Phacoemulsificiation', 'HC_Mobilization_of_ascending_colon', 'GR_Seminal_vesicle_dissection', 'LH_Specimen_Removal', 'LH_Transecting_the_Vagina'}","{'M2_Calot_Triangle_Dissection', 'HCH_Galbladder_Packaging', 'HCH_Clipping_Cutting', 'HCH_Preparation', 'M2_Clipping_Cutting', 'M2_Cleaning_Coagulation', 'M2_Preparation', 'HCH_Galbladder_Retraction', 'M2_Gallbladder_Dissection', 'M2_Gallbladder_Packaging', 'HCH_Galbladder_Dissection', 'M2_Trocar_Placement', 'HCH_Cleaning_Coagulation', 'M2_Gallbladder_Retraction', 'HCH_Calot_Triangle_Dissection'}",1717396778,checkpoint_000062,True,False,63,563c6_00008,2024-06-03_08-39-38,90.7413079738617,5707.3349351882935,2754764,fb-OMEN-by-HP-45L-Gaming-Desktop-GT22-0xxx,129.69.82.151,5707.3349351882935,63
73.80000127851963,7.447206020355225,3.4484860948386213,0.9813333,1.1193267,"{'CA_Rhexis', 'GR_Idle', 'CA_Hydrodissection', 'LH_Washing', 'CA_Lens_implant_setting-up', 'CA_Irrigation_and_aspiration', 'GR_Ligation_of_the_deep_dorsal_venous_complex', 'GR_Developing_the_Space_of_Retzius', 'HC_Mobilization_of_sigmoid_colon_and_descending_colon', 'HC_Retroperitoneal_preparation_of_duodenum_and_pancreatic_head', 'GR_Bladder_neck_reconstruction', 'CA_Incision', 'HC_Mobilization_of_transverse_colon', 'CA_Tonifying_and_antibiotics', 'LH_Dividing_Ligament_and_Peritoneum', 'HC_General_preparation_and_orientation_in_the_abdomen', 'HC_Retroperitoneal_preparation_towards_lower_pancreatic_border', 'HC_Extra-abdominal_preparation_of_anastomosis', 'GR_Left_pelvic_isolated_lymphadenectomy', 'GR_Prostatic_pedicle_control', 'LH_Preparation', 'HC_Mobilization_of_splenic_flexure', 'CA_Capsule_Polishing', 'GR_Right_pelvic_isolated_lymphadenectomy', 'GR_Development_of_the_plane_between_the_prostate_and_rectum', 'LH_Suturing', 'GR_Bladder_neck_identification_and_transection', 'GR_Severing_of_the_prostate_from_the_urethra', 'HC_Creation_of_stoma', 'HC_Dissection_of_lymph_nodes_and_blood_vessels_en_bloc', 'HC_Intra-abdominal_preparation_of_anastomosis', 'LH_Dividing_Uterine_Vessels_and_Ligament', 'CA_Phacoemulsificiation', 'HC_Mobilization_of_ascending_colon', 'GR_Seminal_vesicle_dissection', 'LH_Specimen_Removal', 'LH_Transecting_the_Vagina'}","{'M2_Calot_Triangle_Dissection', 'HCH_Galbladder_Packaging', 'HCH_Clipping_Cutting', 'HCH_Preparation', 'M2_Clipping_Cutting', 'M2_Cleaning_Coagulation', 'M2_Preparation', 'HCH_Galbladder_Retraction', 'M2_Gallbladder_Dissection', 'M2_Gallbladder_Packaging', 'HCH_Galbladder_Dissection', 'M2_Trocar_Placement', 'HCH_Cleaning_Coagulation', 'M2_Gallbladder_Retraction', 'HCH_Calot_Triangle_Dissection'}",1717396868,checkpoint_000063,True,False,64,563c6_00008,2024-06-03_08-41-08,90.72722363471985,5798.062158823013,2754764,fb-OMEN-by-HP-45L-Gaming-Desktop-GT22-0xxx,129.69.82.151,5798.062158823013,64
72.2000011652708,7.99647855758667,3.954928332856137,0.9766667,1.3008689,"{'CA_Rhexis', 'CA_Hydrodissection', 'LH_Washing', 'CA_Lens_implant_setting-up', 'CA_Irrigation_and_aspiration', 'GR_Ligation_of_the_deep_dorsal_venous_complex', 'GR_Developing_the_Space_of_Retzius', 'GR_Bladder_neck_reconstruction', 'CA_Incision', 'CA_Tonifying_and_antibiotics', 'LH_Dividing_Ligament_and_Peritoneum', 'HC_General_preparation_and_orientation_in_the_abdomen', 'HC_Retroperitoneal_preparation_towards_lower_pancreatic_border', 'HC_Extra-abdominal_preparation_of_anastomosis', 'GR_Left_pelvic_isolated_lymphadenectomy', 'GR_Prostatic_pedicle_control', 'LH_Preparation', 'HC_Dissection_and_resection_of_the_rectum', 'CA_Viscous_agent_injection', 'HC_Mobilization_of_splenic_flexure', 'GR_Right_pelvic_isolated_lymphadenectomy', 'GR_Development_of_the_plane_between_the_prostate_and_rectum', 'LH_Suturing', 'GR_Bladder_neck_identification_and_transection', 'GR_Severing_of_the_prostate_from_the_urethra', 'HC_Creation_of_stoma', 'HC_Intra-abdominal_preparation_of_anastomosis', 'CA_Viscous_agent_removal', 'LH_Dividing_Uterine_Vessels_and_Ligament', 'CA_Phacoemulsificiation', 'HC_Mobilization_of_ascending_colon', 'GR_Seminal_vesicle_dissection', 'LH_Specimen_Removal', 'LH_Transecting_the_Vagina'}","{'M2_Calot_Triangle_Dissection', 'HCH_Galbladder_Packaging', 'HCH_Clipping_Cutting', 'HCH_Preparation', 'M2_Clipping_Cutting', 'M2_Cleaning_Coagulation', 'M2_Preparation', 'HCH_Galbladder_Retraction', 'M2_Gallbladder_Dissection', 'M2_Gallbladder_Packaging', 'HCH_Galbladder_Dissection', 'M2_Trocar_Placement', 'HCH_Cleaning_Coagulation', 'M2_Gallbladder_Retraction', 'HCH_Calot_Triangle_Dissection'}",1717396959,checkpoint_000064,True,False,65,563c6_00008,2024-06-03_08-42-39,90.85016393661499,5888.912322759628,2754764,fb-OMEN-by-HP-45L-Gaming-Desktop-GT22-0xxx,129.69.82.151,5888.912322759628,65
72.60000124573708,8.162856101989746,3.7045554809984176,0.98266673,1.169971,"{'CA_Rhexis', 'GR_Idle', 'CA_Hydrodissection', 'LH_Washing', 'CA_Lens_implant_setting-up', 'CA_Irrigation_and_aspiration', 'GR_Ligation_of_the_deep_dorsal_venous_complex', 'HC_Mobilization_of_sigmoid_colon_and_descending_colon', 'HC_Retroperitoneal_preparation_of_duodenum_and_pancreatic_head', 'CA_Incision', 'HC_Mobilization_of_transverse_colon', 'CA_Tonifying_and_antibiotics', 'LH_Dividing_Ligament_and_Peritoneum', 'HC_General_preparation_and_orientation_in_the_abdomen', 'HC_Retroperitoneal_preparation_towards_lower_pancreatic_border', 'HC_Extra-abdominal_preparation_of_anastomosis', 'GR_Left_pelvic_isolated_lymphadenectomy', 'GR_Prostatic_pedicle_control', 'LH_Preparation', 'HC_Dissection_and_resection_of_the_rectum', 'CA_Viscous_agent_injection', 'HC_Mobilization_of_splenic_flexure', 'CA_Capsule_Polishing', 'GR_Right_pelvic_isolated_lymphadenectomy', 'GR_Development_of_the_plane_between_the_prostate_and_rectum', 'LH_Suturing', 'GR_Bladder_neck_identification_and_transection', 'GR_Severing_of_the_prostate_from_the_urethra', 'HC_Dissection_of_lymph_nodes_and_blood_vessels_en_bloc', 'HC_Intra-abdominal_preparation_of_anastomosis', 'CA_Viscous_agent_removal', 'LH_Dividing_Uterine_Vessels_and_Ligament', 'CA_Phacoemulsificiation', 'HC_Mobilization_of_ascending_colon', 'GR_Seminal_vesicle_dissection', 'LH_Specimen_Removal', 'LH_Transecting_the_Vagina'}","{'M2_Calot_Triangle_Dissection', 'HCH_Galbladder_Packaging', 'HCH_Clipping_Cutting', 'HCH_Preparation', 'M2_Clipping_Cutting', 'M2_Cleaning_Coagulation', 'M2_Preparation', 'HCH_Galbladder_Retraction', 'M2_Gallbladder_Dissection', 'M2_Gallbladder_Packaging', 'HCH_Galbladder_Dissection', 'M2_Trocar_Placement', 'HCH_Cleaning_Coagulation', 'M2_Gallbladder_Retraction', 'HCH_Calot_Triangle_Dissection'}",1717397050,checkpoint_000065,True,False,66,563c6_00008,2024-06-03_08-44-10,90.53437852859497,5979.446701288223,2754764,fb-OMEN-by-HP-45L-Gaming-Desktop-GT22-0xxx,129.69.82.151,5979.446701288223,66
73.80000115931034,7.973881721496582,3.7474461169465854,0.97466666,1.226808,"{'CA_Rhexis', 'GR_Idle', 'CA_Hydrodissection', 'LH_Washing', 'CA_Lens_implant_setting-up', 'CA_Irrigation_and_aspiration', 'GR_Ligation_of_the_deep_dorsal_venous_complex', 'GR_Developing_the_Space_of_Retzius', 'HC_Mobilization_of_sigmoid_colon_and_descending_colon', 'HC_Retroperitoneal_preparation_of_duodenum_and_pancreatic_head', 'GR_Bladder_neck_reconstruction', 'CA_Incision', 'CA_Tonifying_and_antibiotics', 'LH_Dividing_Ligament_and_Peritoneum', 'HC_General_preparation_and_orientation_in_the_abdomen', 'HC_Retroperitoneal_preparation_towards_lower_pancreatic_border', 'HC_Extra-abdominal_preparation_of_anastomosis', 'GR_Left_pelvic_isolated_lymphadenectomy', 'LH_Preparation', 'HC_Dissection_and_resection_of_the_rectum', 'HC_Mobilization_of_splenic_flexure', 'CA_Capsule_Polishing', 'GR_Right_pelvic_isolated_lymphadenectomy', 'GR_Development_of_the_plane_between_the_prostate_and_rectum', 'HC_Finalization_of_operation', 'LH_Suturing', 'GR_Bladder_neck_identification_and_transection', 'GR_Severing_of_the_prostate_from_the_urethra', 'HC_Creation_of_stoma', 'HC_Intra-abdominal_preparation_of_anastomosis', 'CA_Viscous_agent_removal', 'LH_Dividing_Uterine_Vessels_and_Ligament', 'CA_Phacoemulsificiation', 'HC_Mobilization_of_ascending_colon', 'GR_Seminal_vesicle_dissection', 'LH_Specimen_Removal'}","{'M2_Calot_Triangle_Dissection', 'HCH_Galbladder_Packaging', 'HCH_Clipping_Cutting', 'HCH_Preparation', 'M2_Clipping_Cutting', 'M2_Cleaning_Coagulation', 'M2_Preparation', 'HCH_Galbladder_Retraction', 'M2_Gallbladder_Dissection', 'M2_Gallbladder_Packaging', 'HCH_Galbladder_Dissection', 'M2_Trocar_Placement', 'HCH_Cleaning_Coagulation', 'M2_Gallbladder_Retraction', 'HCH_Calot_Triangle_Dissection'}",1717397140,checkpoint_000066,True,False,67,563c6_00008,2024-06-03_08-45-40,90.63246607780457,6070.079167366028,2754764,fb-OMEN-by-HP-45L-Gaming-Desktop-GT22-0xxx,129.69.82.151,6070.079167366028,67
74.40000121295452,8.398916244506836,3.553172333385686,0.97866666,1.1858356,"{'CA_Rhexis', 'GR_Idle', 'CA_Hydrodissection', 'LH_Washing', 'CA_Lens_implant_setting-up', 'CA_Irrigation_and_aspiration', 'GR_Developing_the_Space_of_Retzius', 'HC_Mobilization_of_sigmoid_colon_and_descending_colon', 'HC_Retroperitoneal_preparation_of_duodenum_and_pancreatic_head', 'CA_Incision', 'HC_Mobilization_of_transverse_colon', 'CA_Tonifying_and_antibiotics', 'LH_Dividing_Ligament_and_Peritoneum', 'HC_General_preparation_and_orientation_in_the_abdomen', 'HC_Retroperitoneal_preparation_towards_lower_pancreatic_border', 'HC_Extra-abdominal_preparation_of_anastomosis', 'GR_Left_pelvic_isolated_lymphadenectomy', 'GR_Prostatic_pedicle_control', 'LH_Preparation', 'HC_Dissection_and_resection_of_the_rectum', 'CA_Viscous_agent_injection', 'HC_Mobilization_of_splenic_flexure', 'CA_Capsule_Polishing', 'GR_Right_pelvic_isolated_lymphadenectomy', 'GR_Development_of_the_plane_between_the_prostate_and_rectum', 'HC_Finalization_of_operation', 'LH_Suturing', 'GR_Severing_of_the_prostate_from_the_urethra', 'HC_Creation_of_stoma', 'HC_Dissection_of_lymph_nodes_and_blood_vessels_en_bloc', 'HC_Intra-abdominal_preparation_of_anastomosis', 'CA_Viscous_agent_removal', 'LH_Dividing_Uterine_Vessels_and_Ligament', 'CA_Phacoemulsificiation', 'HC_Mobilization_of_ascending_colon', 'GR_Seminal_vesicle_dissection', 'LH_Specimen_Removal', 'LH_Transecting_the_Vagina'}","{'M2_Calot_Triangle_Dissection', 'HCH_Galbladder_Packaging', 'HCH_Clipping_Cutting', 'HCH_Preparation', 'M2_Clipping_Cutting', 'M2_Cleaning_Coagulation', 'M2_Preparation', 'HCH_Galbladder_Retraction', 'M2_Gallbladder_Dissection', 'M2_Gallbladder_Packaging', 'HCH_Galbladder_Dissection', 'M2_Trocar_Placement', 'HCH_Cleaning_Coagulation', 'M2_Gallbladder_Retraction', 'HCH_Calot_Triangle_Dissection'}",1717397231,checkpoint_000067,True,False,68,563c6_00008,2024-06-03_08-47-11,90.74273705482483,6160.821904420853,2754764,fb-OMEN-by-HP-45L-Gaming-Desktop-GT22-0xxx,129.69.82.151,6160.821904420853,68
76.4000011831522,7.049657344818115,3.5661227990338036,0.97933334,1.3228296,"{'CA_Rhexis', 'GR_Idle', 'CA_Hydrodissection', 'LH_Washing', 'CA_Lens_implant_setting-up', 'CA_Irrigation_and_aspiration', 'GR_Ligation_of_the_deep_dorsal_venous_complex', 'GR_Developing_the_Space_of_Retzius', 'HC_Mobilization_of_sigmoid_colon_and_descending_colon', 'HC_Retroperitoneal_preparation_of_duodenum_and_pancreatic_head', 'GR_Bladder_neck_reconstruction', 'CA_Incision', 'HC_Mobilization_of_transverse_colon', 'CA_Tonifying_and_antibiotics', 'LH_Dividing_Ligament_and_Peritoneum', 'HC_General_preparation_and_orientation_in_the_abdomen', 'HC_Retroperitoneal_preparation_towards_lower_pancreatic_border', 'HC_Extra-abdominal_preparation_of_anastomosis', 'GR_Left_pelvic_isolated_lymphadenectomy', 'GR_Prostatic_pedicle_control', 'LH_Preparation', 'HC_Dissection_and_resection_of_the_rectum', 'CA_Viscous_agent_injection', 'CA_Capsule_Polishing', 'GR_Right_pelvic_isolated_lymphadenectomy', 'GR_Development_of_the_plane_between_the_prostate_and_rectum', 'HC_Finalization_of_operation', 'LH_Suturing', 'GR_Bladder_neck_identification_and_transection', 'GR_Severing_of_the_prostate_from_the_urethra', 'HC_Dissection_of_lymph_nodes_and_blood_vessels_en_bloc', 'HC_Intra-abdominal_preparation_of_anastomosis', 'CA_Viscous_agent_removal', 'LH_Dividing_Uterine_Vessels_and_Ligament', 'CA_Phacoemulsificiation', 'HC_Mobilization_of_ascending_colon', 'GR_Seminal_vesicle_dissection', 'LH_Specimen_Removal', 'LH_Transecting_the_Vagina'}","{'M2_Calot_Triangle_Dissection', 'HCH_Galbladder_Packaging', 'HCH_Clipping_Cutting', 'HCH_Preparation', 'M2_Clipping_Cutting', 'M2_Cleaning_Coagulation', 'M2_Preparation', 'HCH_Galbladder_Retraction', 'M2_Gallbladder_Dissection', 'M2_Gallbladder_Packaging', 'HCH_Galbladder_Dissection', 'M2_Trocar_Placement', 'HCH_Cleaning_Coagulation', 'M2_Gallbladder_Retraction', 'HCH_Calot_Triangle_Dissection'}",1717397322,checkpoint_000068,True,False,69,563c6_00008,2024-06-03_08-48-42,90.65912747383118,6251.481031894684,2754764,fb-OMEN-by-HP-45L-Gaming-Desktop-GT22-0xxx,129.69.82.151,6251.481031894684,69
73.4000011831522,8.129352569580078,3.67958347196213,0.98266673,1.1389344,"{'GR_Idle', 'CA_Hydrodissection', 'LH_Washing', 'CA_Lens_implant_setting-up', 'CA_Irrigation_and_aspiration', 'GR_Ligation_of_the_deep_dorsal_venous_complex', 'GR_Developing_the_Space_of_Retzius', 'HC_Mobilization_of_sigmoid_colon_and_descending_colon', 'HC_Retroperitoneal_preparation_of_duodenum_and_pancreatic_head', 'GR_Bladder_neck_reconstruction', 'CA_Incision', 'HC_Mobilization_of_transverse_colon', 'CA_Tonifying_and_antibiotics', 'LH_Dividing_Ligament_and_Peritoneum', 'HC_General_preparation_and_orientation_in_the_abdomen', 'HC_Retroperitoneal_preparation_towards_lower_pancreatic_border', 'GR_Left_pelvic_isolated_lymphadenectomy', 'GR_Prostatic_pedicle_control', 'LH_Preparation', 'HC_Dissection_and_resection_of_the_rectum', 'CA_Viscous_agent_injection', 'HC_Mobilization_of_splenic_flexure', 'CA_Capsule_Polishing', 'GR_Right_pelvic_isolated_lymphadenectomy', 'GR_Development_of_the_plane_between_the_prostate_and_rectum', 'HC_Finalization_of_operation', 'LH_Suturing', 'GR_Bladder_neck_identification_and_transection', 'GR_Severing_of_the_prostate_from_the_urethra', 'HC_Creation_of_stoma', 'HC_Dissection_of_lymph_nodes_and_blood_vessels_en_bloc', 'HC_Intra-abdominal_preparation_of_anastomosis', 'CA_Viscous_agent_removal', 'LH_Dividing_Uterine_Vessels_and_Ligament', 'CA_Phacoemulsificiation', 'HC_Mobilization_of_ascending_colon', 'GR_Seminal_vesicle_dissection', 'LH_Specimen_Removal', 'LH_Transecting_the_Vagina'}","{'M2_Calot_Triangle_Dissection', 'HCH_Galbladder_Packaging', 'HCH_Clipping_Cutting', 'HCH_Preparation', 'M2_Clipping_Cutting', 'M2_Cleaning_Coagulation', 'M2_Preparation', 'HCH_Galbladder_Retraction', 'M2_Gallbladder_Dissection', 'M2_Gallbladder_Packaging', 'HCH_Galbladder_Dissection', 'M2_Trocar_Placement', 'HCH_Cleaning_Coagulation', 'M2_Gallbladder_Retraction', 'HCH_Calot_Triangle_Dissection'}",1717397412,checkpoint_000069,True,False,70,563c6_00008,2024-06-03_08-50-12,90.42136836051941,6341.902400255203,2754764,fb-OMEN-by-HP-45L-Gaming-Desktop-GT22-0xxx,129.69.82.151,6341.902400255203,70
70.20000120997429,8.111988067626953,4.016613377637749,0.982,1.172954,"{'CA_Rhexis', 'GR_Idle', 'CA_Hydrodissection', 'LH_Washing', 'CA_Lens_implant_setting-up', 'CA_Irrigation_and_aspiration', 'GR_Developing_the_Space_of_Retzius', 'HC_Mobilization_of_sigmoid_colon_and_descending_colon', 'HC_Retroperitoneal_preparation_of_duodenum_and_pancreatic_head', 'GR_Bladder_neck_reconstruction', 'CA_Incision', 'HC_Mobilization_of_transverse_colon', 'CA_Tonifying_and_antibiotics', 'LH_Dividing_Ligament_and_Peritoneum', 'HC_General_preparation_and_orientation_in_the_abdomen', 'HC_Retroperitoneal_preparation_towards_lower_pancreatic_border', 'HC_Extra-abdominal_preparation_of_anastomosis', 'GR_Left_pelvic_isolated_lymphadenectomy', 'GR_Prostatic_pedicle_control', 'LH_Preparation', 'HC_Dissection_and_resection_of_the_rectum', 'CA_Viscous_agent_injection', 'HC_Mobilization_of_splenic_flexure', 'CA_Capsule_Polishing', 'GR_Right_pelvic_isolated_lymphadenectomy', 'GR_Development_of_the_plane_between_the_prostate_and_rectum', 'HC_Finalization_of_operation', 'LH_Suturing', 'GR_Bladder_neck_identification_and_transection', 'GR_Severing_of_the_prostate_from_the_urethra', 'HC_Creation_of_stoma', 'HC_Dissection_of_lymph_nodes_and_blood_vessels_en_bloc', 'HC_Intra-abdominal_preparation_of_anastomosis', 'CA_Viscous_agent_removal', 'LH_Dividing_Uterine_Vessels_and_Ligament', 'CA_Phacoemulsificiation', 'HC_Mobilization_of_ascending_colon', 'GR_Seminal_vesicle_dissection', 'LH_Specimen_Removal', 'LH_Transecting_the_Vagina'}","{'M2_Calot_Triangle_Dissection', 'HCH_Galbladder_Packaging', 'HCH_Clipping_Cutting', 'HCH_Preparation', 'M2_Clipping_Cutting', 'M2_Cleaning_Coagulation', 'M2_Preparation', 'HCH_Galbladder_Retraction', 'M2_Gallbladder_Dissection', 'M2_Gallbladder_Packaging', 'HCH_Galbladder_Dissection', 'M2_Trocar_Placement', 'HCH_Cleaning_Coagulation', 'M2_Gallbladder_Retraction', 'HCH_Calot_Triangle_Dissection'}",1717397503,checkpoint_000070,True,False,71,563c6_00008,2024-06-03_08-51-43,90.51025319099426,6432.4126534461975,2754764,fb-OMEN-by-HP-45L-Gaming-Desktop-GT22-0xxx,129.69.82.151,6432.4126534461975,71
72.60000124573708,8.210077285766602,3.5779529460737947,0.9826666,0.95945925,"{'CA_Rhexis', 'GR_Idle', 'CA_Hydrodissection', 'LH_Washing', 'CA_Lens_implant_setting-up', 'CA_Irrigation_and_aspiration', 'GR_Ligation_of_the_deep_dorsal_venous_complex', 'GR_Developing_the_Space_of_Retzius', 'HC_Mobilization_of_sigmoid_colon_and_descending_colon', 'GR_Bladder_neck_reconstruction', 'CA_Incision', 'CA_Tonifying_and_antibiotics', 'LH_Dividing_Ligament_and_Peritoneum', 'HC_General_preparation_and_orientation_in_the_abdomen', 'HC_Retroperitoneal_preparation_towards_lower_pancreatic_border', 'HC_Extra-abdominal_preparation_of_anastomosis', 'GR_Left_pelvic_isolated_lymphadenectomy', 'LH_Preparation', 'HC_Dissection_and_resection_of_the_rectum', 'CA_Viscous_agent_injection', 'HC_Mobilization_of_splenic_flexure', 'CA_Capsule_Polishing', 'GR_Right_pelvic_isolated_lymphadenectomy', 'GR_Development_of_the_plane_between_the_prostate_and_rectum', 'HC_Finalization_of_operation', 'LH_Suturing', 'GR_Bladder_neck_identification_and_transection', 'GR_Severing_of_the_prostate_from_the_urethra', 'HC_Creation_of_stoma', 'HC_Dissection_of_lymph_nodes_and_blood_vessels_en_bloc', 'HC_Intra-abdominal_preparation_of_anastomosis', 'CA_Viscous_agent_removal', 'LH_Dividing_Uterine_Vessels_and_Ligament', 'CA_Phacoemulsificiation', 'HC_Mobilization_of_ascending_colon', 'GR_Seminal_vesicle_dissection', 'LH_Specimen_Removal', 'LH_Transecting_the_Vagina'}","{'M2_Calot_Triangle_Dissection', 'HCH_Galbladder_Packaging', 'HCH_Clipping_Cutting', 'HCH_Preparation', 'M2_Clipping_Cutting', 'M2_Cleaning_Coagulation', 'M2_Preparation', 'HCH_Galbladder_Retraction', 'M2_Gallbladder_Dissection', 'M2_Gallbladder_Packaging', 'HCH_Galbladder_Dissection', 'M2_Trocar_Placement', 'HCH_Cleaning_Coagulation', 'M2_Gallbladder_Retraction', 'HCH_Calot_Triangle_Dissection'}",1717397594,checkpoint_000071,True,False,72,563c6_00008,2024-06-03_08-53-14,90.94271755218506,6523.355370998383,2754764,fb-OMEN-by-HP-45L-Gaming-Desktop-GT22-0xxx,129.69.82.151,6523.355370998383,72
76.20000115036964,7.549360275268555,3.5364830290970417,0.98600006,0.7089195,"{'CA_Rhexis', 'CA_Hydrodissection', 'LH_Washing', 'CA_Lens_implant_setting-up', 'CA_Irrigation_and_aspiration', 'GR_Ligation_of_the_deep_dorsal_venous_complex', 'GR_Developing_the_Space_of_Retzius', 'HC_Mobilization_of_sigmoid_colon_and_descending_colon', 'CA_Incision', 'CA_Tonifying_and_antibiotics', 'LH_Dividing_Ligament_and_Peritoneum', 'HC_General_preparation_and_orientation_in_the_abdomen', 'HC_Retroperitoneal_preparation_towards_lower_pancreatic_border', 'HC_Extra-abdominal_preparation_of_anastomosis', 'GR_Left_pelvic_isolated_lymphadenectomy', 'GR_Prostatic_pedicle_control', 'LH_Preparation', 'HC_Dissection_and_resection_of_the_rectum', 'CA_Viscous_agent_injection', 'HC_Mobilization_of_splenic_flexure', 'CA_Capsule_Polishing', 'GR_Right_pelvic_isolated_lymphadenectomy', 'GR_Development_of_the_plane_between_the_prostate_and_rectum', 'HC_Finalization_of_operation', 'LH_Suturing', 'GR_Bladder_neck_identification_and_transection', 'GR_Severing_of_the_prostate_from_the_urethra', 'HC_Creation_of_stoma', 'HC_Intra-abdominal_preparation_of_anastomosis', 'CA_Viscous_agent_removal', 'LH_Dividing_Uterine_Vessels_and_Ligament', 'CA_Phacoemulsificiation', 'HC_Mobilization_of_ascending_colon', 'GR_Seminal_vesicle_dissection', 'LH_Specimen_Removal', 'LH_Transecting_the_Vagina'}","{'M2_Calot_Triangle_Dissection', 'HCH_Galbladder_Packaging', 'HCH_Clipping_Cutting', 'HCH_Preparation', 'M2_Clipping_Cutting', 'M2_Cleaning_Coagulation', 'M2_Preparation', 'HCH_Galbladder_Retraction', 'M2_Gallbladder_Dissection', 'M2_Gallbladder_Packaging', 'HCH_Galbladder_Dissection', 'M2_Trocar_Placement', 'HCH_Cleaning_Coagulation', 'M2_Gallbladder_Retraction', 'HCH_Calot_Triangle_Dissection'}",1717397684,checkpoint_000072,True,False,73,563c6_00008,2024-06-03_08-54-44,90.73914384841919,6614.094514846802,2754764,fb-OMEN-by-HP-45L-Gaming-Desktop-GT22-0xxx,129.69.82.151,6614.094514846802,73
75.60000109672546,6.544773578643799,3.7835614851181347,0.98266673,1.2478933,"{'CA_Rhexis', 'GR_Idle', 'CA_Hydrodissection', 'LH_Washing', 'CA_Irrigation_and_aspiration', 'GR_Ligation_of_the_deep_dorsal_venous_complex', 'GR_Developing_the_Space_of_Retzius', 'HC_Mobilization_of_sigmoid_colon_and_descending_colon', 'HC_Retroperitoneal_preparation_of_duodenum_and_pancreatic_head', 'GR_Bladder_neck_reconstruction', 'CA_Incision', 'HC_Mobilization_of_transverse_colon', 'CA_Tonifying_and_antibiotics', 'LH_Dividing_Ligament_and_Peritoneum', 'HC_General_preparation_and_orientation_in_the_abdomen', 'HC_Retroperitoneal_preparation_towards_lower_pancreatic_border', 'GR_Left_pelvic_isolated_lymphadenectomy', 'GR_Prostatic_pedicle_control', 'LH_Preparation', 'HC_Dissection_and_resection_of_the_rectum', 'CA_Viscous_agent_injection', 'HC_Mobilization_of_splenic_flexure', 'CA_Capsule_Polishing', 'GR_Right_pelvic_isolated_lymphadenectomy', 'GR_Development_of_the_plane_between_the_prostate_and_rectum', 'HC_Finalization_of_operation', 'LH_Suturing', 'GR_Bladder_neck_identification_and_transection', 'GR_Severing_of_the_prostate_from_the_urethra', 'HC_Creation_of_stoma', 'HC_Intra-abdominal_preparation_of_anastomosis', 'CA_Viscous_agent_removal', 'LH_Dividing_Uterine_Vessels_and_Ligament', 'CA_Phacoemulsificiation', 'HC_Mobilization_of_ascending_colon', 'GR_Seminal_vesicle_dissection', 'LH_Specimen_Removal', 'LH_Transecting_the_Vagina'}","{'M2_Calot_Triangle_Dissection', 'HCH_Galbladder_Packaging', 'HCH_Clipping_Cutting', 'HCH_Preparation', 'M2_Clipping_Cutting', 'M2_Cleaning_Coagulation', 'M2_Preparation', 'HCH_Galbladder_Retraction', 'M2_Gallbladder_Dissection', 'M2_Gallbladder_Packaging', 'HCH_Galbladder_Dissection', 'M2_Trocar_Placement', 'HCH_Cleaning_Coagulation', 'M2_Gallbladder_Retraction', 'HCH_Calot_Triangle_Dissection'}",1717397775,checkpoint_000073,True,False,74,563c6_00008,2024-06-03_08-56-15,90.39974045753479,6704.494255304337,2754764,fb-OMEN-by-HP-45L-Gaming-Desktop-GT22-0xxx,129.69.82.151,6704.494255304337,74
75.40000122785568,7.025977611541748,3.4108504367084675,0.982,1.0578053,"{'CA_Rhexis', 'GR_Idle', 'CA_Hydrodissection', 'LH_Washing', 'CA_Lens_implant_setting-up', 'CA_Irrigation_and_aspiration', 'GR_Ligation_of_the_deep_dorsal_venous_complex', 'GR_Developing_the_Space_of_Retzius', 'HC_Mobilization_of_sigmoid_colon_and_descending_colon', 'HC_Retroperitoneal_preparation_of_duodenum_and_pancreatic_head', 'GR_Bladder_neck_reconstruction', 'CA_Incision', 'HC_Mobilization_of_transverse_colon', 'CA_Tonifying_and_antibiotics', 'LH_Dividing_Ligament_and_Peritoneum', 'HC_General_preparation_and_orientation_in_the_abdomen', 'HC_Retroperitoneal_preparation_towards_lower_pancreatic_border', 'HC_Extra-abdominal_preparation_of_anastomosis', 'GR_Left_pelvic_isolated_lymphadenectomy', 'GR_Prostatic_pedicle_control', 'LH_Preparation', 'HC_Dissection_and_resection_of_the_rectum', 'CA_Viscous_agent_injection', 'HC_Mobilization_of_splenic_flexure', 'CA_Capsule_Polishing', 'GR_Right_pelvic_isolated_lymphadenectomy', 'GR_Development_of_the_plane_between_the_prostate_and_rectum', 'HC_Finalization_of_operation', 'LH_Suturing', 'GR_Severing_of_the_prostate_from_the_urethra', 'HC_Creation_of_stoma', 'HC_Dissection_of_lymph_nodes_and_blood_vessels_en_bloc', 'HC_Intra-abdominal_preparation_of_anastomosis', 'CA_Viscous_agent_removal', 'LH_Dividing_Uterine_Vessels_and_Ligament', 'CA_Phacoemulsificiation', 'HC_Mobilization_of_ascending_colon', 'GR_Seminal_vesicle_dissection', 'LH_Specimen_Removal', 'LH_Transecting_the_Vagina'}","{'M2_Calot_Triangle_Dissection', 'HCH_Galbladder_Packaging', 'HCH_Clipping_Cutting', 'HCH_Preparation', 'M2_Clipping_Cutting', 'M2_Cleaning_Coagulation', 'M2_Preparation', 'HCH_Galbladder_Retraction', 'M2_Gallbladder_Dissection', 'M2_Gallbladder_Packaging', 'HCH_Galbladder_Dissection', 'M2_Trocar_Placement', 'HCH_Cleaning_Coagulation', 'M2_Gallbladder_Retraction', 'HCH_Calot_Triangle_Dissection'}",1717397865,checkpoint_000074,True,False,75,563c6_00008,2024-06-03_08-57-45,90.5440583229065,6795.038313627243,2754764,fb-OMEN-by-HP-45L-Gaming-Desktop-GT22-0xxx,129.69.82.151,6795.038313627243,75
71.60000121593475,8.687482833862305,3.9270495918288226,0.98466676,1.216577,"{'CA_Rhexis', 'GR_Idle', 'CA_Hydrodissection', 'LH_Washing', 'CA_Lens_implant_setting-up', 'CA_Irrigation_and_aspiration', 'GR_Ligation_of_the_deep_dorsal_venous_complex', 'GR_Developing_the_Space_of_Retzius', 'HC_Mobilization_of_sigmoid_colon_and_descending_colon', 'HC_Retroperitoneal_preparation_of_duodenum_and_pancreatic_head', 'GR_Bladder_neck_reconstruction', 'CA_Incision', 'HC_Mobilization_of_transverse_colon', 'CA_Tonifying_and_antibiotics', 'LH_Dividing_Ligament_and_Peritoneum', 'HC_General_preparation_and_orientation_in_the_abdomen', 'HC_Retroperitoneal_preparation_towards_lower_pancreatic_border', 'GR_Left_pelvic_isolated_lymphadenectomy', 'GR_Prostatic_pedicle_control', 'LH_Preparation', 'HC_Dissection_and_resection_of_the_rectum', 'CA_Viscous_agent_injection', 'HC_Mobilization_of_splenic_flexure', 'CA_Capsule_Polishing', 'GR_Right_pelvic_isolated_lymphadenectomy', 'GR_Development_of_the_plane_between_the_prostate_and_rectum', 'HC_Finalization_of_operation', 'LH_Suturing', 'GR_Bladder_neck_identification_and_transection', 'GR_Severing_of_the_prostate_from_the_urethra', 'HC_Creation_of_stoma', 'CA_Viscous_agent_removal', 'LH_Dividing_Uterine_Vessels_and_Ligament', 'CA_Phacoemulsificiation', 'HC_Mobilization_of_ascending_colon', 'GR_Seminal_vesicle_dissection', 'LH_Specimen_Removal', 'LH_Transecting_the_Vagina'}","{'M2_Calot_Triangle_Dissection', 'HCH_Galbladder_Packaging', 'HCH_Clipping_Cutting', 'HCH_Preparation', 'M2_Clipping_Cutting', 'M2_Cleaning_Coagulation', 'M2_Preparation', 'HCH_Galbladder_Retraction', 'M2_Gallbladder_Dissection', 'M2_Gallbladder_Packaging', 'HCH_Galbladder_Dissection', 'M2_Trocar_Placement', 'HCH_Cleaning_Coagulation', 'M2_Gallbladder_Retraction', 'HCH_Calot_Triangle_Dissection'}",1717397956,checkpoint_000075,True,False,76,563c6_00008,2024-06-03_08-59-16,90.68742609024048,6885.7257397174835,2754764,fb-OMEN-by-HP-45L-Gaming-Desktop-GT22-0xxx,129.69.82.151,6885.7257397174835,76
75.80000111460686,7.278318405151367,3.7719688629439445,0.98066664,0.99304336,"{'CA_Rhexis', 'GR_Idle', 'CA_Hydrodissection', 'LH_Washing', 'CA_Lens_implant_setting-up', 'CA_Irrigation_and_aspiration', 'GR_Ligation_of_the_deep_dorsal_venous_complex', 'GR_Developing_the_Space_of_Retzius', 'HC_Mobilization_of_sigmoid_colon_and_descending_colon', 'HC_Retroperitoneal_preparation_of_duodenum_and_pancreatic_head', 'GR_Bladder_neck_reconstruction', 'CA_Incision', 'HC_Mobilization_of_transverse_colon', 'CA_Tonifying_and_antibiotics', 'LH_Dividing_Ligament_and_Peritoneum', 'HC_General_preparation_and_orientation_in_the_abdomen', 'HC_Retroperitoneal_preparation_towards_lower_pancreatic_border', 'GR_Left_pelvic_isolated_lymphadenectomy', 'GR_Prostatic_pedicle_control', 'LH_Preparation', 'HC_Dissection_and_resection_of_the_rectum', 'CA_Viscous_agent_injection', 'HC_Mobilization_of_splenic_flexure', 'CA_Capsule_Polishing', 'GR_Right_pelvic_isolated_lymphadenectomy', 'GR_Development_of_the_plane_between_the_prostate_and_rectum', 'HC_Finalization_of_operation', 'LH_Suturing', 'GR_Bladder_neck_identification_and_transection', 'GR_Severing_of_the_prostate_from_the_urethra', 'HC_Creation_of_stoma', 'HC_Dissection_of_lymph_nodes_and_blood_vessels_en_bloc', 'HC_Intra-abdominal_preparation_of_anastomosis', 'CA_Viscous_agent_removal', 'LH_Dividing_Uterine_Vessels_and_Ligament', 'HC_Mobilization_of_ascending_colon', 'GR_Seminal_vesicle_dissection', 'LH_Specimen_Removal', 'LH_Transecting_the_Vagina'}","{'M2_Calot_Triangle_Dissection', 'HCH_Galbladder_Packaging', 'HCH_Clipping_Cutting', 'HCH_Preparation', 'M2_Clipping_Cutting', 'M2_Cleaning_Coagulation', 'M2_Preparation', 'HCH_Galbladder_Retraction', 'M2_Gallbladder_Dissection', 'M2_Gallbladder_Packaging', 'HCH_Galbladder_Dissection', 'M2_Trocar_Placement', 'HCH_Cleaning_Coagulation', 'M2_Gallbladder_Retraction', 'HCH_Calot_Triangle_Dissection'}",1717398047,checkpoint_000076,True,False,77,563c6_00008,2024-06-03_09-00-47,90.67653322219849,6976.402272939682,2754764,fb-OMEN-by-HP-45L-Gaming-Desktop-GT22-0xxx,129.69.82.151,6976.402272939682,77
72.20000113546848,8.646956443786621,4.031887148854723,0.9886667,0.5699502,"{'CA_Rhexis', 'GR_Idle', 'CA_Hydrodissection', 'LH_Washing', 'CA_Lens_implant_setting-up', 'CA_Irrigation_and_aspiration', 'GR_Ligation_of_the_deep_dorsal_venous_complex', 'GR_Developing_the_Space_of_Retzius', 'HC_Mobilization_of_sigmoid_colon_and_descending_colon', 'HC_Retroperitoneal_preparation_of_duodenum_and_pancreatic_head', 'GR_Bladder_neck_reconstruction', 'CA_Incision', 'CA_Tonifying_and_antibiotics', 'LH_Dividing_Ligament_and_Peritoneum', 'HC_General_preparation_and_orientation_in_the_abdomen', 'HC_Retroperitoneal_preparation_towards_lower_pancreatic_border', 'HC_Extra-abdominal_preparation_of_anastomosis', 'GR_Left_pelvic_isolated_lymphadenectomy', 'GR_Prostatic_pedicle_control', 'LH_Preparation', 'HC_Dissection_and_resection_of_the_rectum', 'CA_Viscous_agent_injection', 'HC_Mobilization_of_splenic_flexure', 'CA_Capsule_Polishing', 'GR_Right_pelvic_isolated_lymphadenectomy', 'GR_Development_of_the_plane_between_the_prostate_and_rectum', 'LH_Suturing', 'GR_Bladder_neck_identification_and_transection', 'GR_Severing_of_the_prostate_from_the_urethra', 'HC_Creation_of_stoma', 'HC_Dissection_of_lymph_nodes_and_blood_vessels_en_bloc', 'HC_Intra-abdominal_preparation_of_anastomosis', 'LH_Dividing_Uterine_Vessels_and_Ligament', 'CA_Phacoemulsificiation', 'HC_Mobilization_of_ascending_colon', 'GR_Seminal_vesicle_dissection', 'LH_Specimen_Removal', 'LH_Transecting_the_Vagina'}","{'M2_Calot_Triangle_Dissection', 'HCH_Galbladder_Packaging', 'HCH_Clipping_Cutting', 'HCH_Preparation', 'M2_Clipping_Cutting', 'M2_Cleaning_Coagulation', 'M2_Preparation', 'HCH_Galbladder_Retraction', 'M2_Gallbladder_Dissection', 'M2_Gallbladder_Packaging', 'HCH_Galbladder_Dissection', 'M2_Trocar_Placement', 'HCH_Cleaning_Coagulation', 'M2_Gallbladder_Retraction', 'HCH_Calot_Triangle_Dissection'}",1717398137,checkpoint_000077,True,False,78,563c6_00008,2024-06-03_09-02-17,90.34014511108398,7066.742418050766,2754764,fb-OMEN-by-HP-45L-Gaming-Desktop-GT22-0xxx,129.69.82.151,7066.742418050766,78
71.80000126361847,8.998347282409668,3.9237221638236703,0.98466665,1.1870793,"{'CA_Rhexis', 'GR_Idle', 'CA_Hydrodissection', 'LH_Washing', 'CA_Lens_implant_setting-up', 'CA_Irrigation_and_aspiration', 'GR_Ligation_of_the_deep_dorsal_venous_complex', 'GR_Developing_the_Space_of_Retzius', 'HC_Mobilization_of_sigmoid_colon_and_descending_colon', 'HC_Retroperitoneal_preparation_of_duodenum_and_pancreatic_head', 'GR_Bladder_neck_reconstruction', 'CA_Incision', 'LH_Dividing_Ligament_and_Peritoneum', 'HC_General_preparation_and_orientation_in_the_abdomen', 'HC_Retroperitoneal_preparation_towards_lower_pancreatic_border', 'HC_Extra-abdominal_preparation_of_anastomosis', 'GR_Prostatic_pedicle_control', 'LH_Preparation', 'HC_Dissection_and_resection_of_the_rectum', 'CA_Viscous_agent_injection', 'HC_Mobilization_of_splenic_flexure', 'CA_Capsule_Polishing', 'GR_Right_pelvic_isolated_lymphadenectomy', 'GR_Development_of_the_plane_between_the_prostate_and_rectum', 'HC_Finalization_of_operation', 'LH_Suturing', 'GR_Bladder_neck_identification_and_transection', 'GR_Severing_of_the_prostate_from_the_urethra', 'HC_Creation_of_stoma', 'HC_Dissection_of_lymph_nodes_and_blood_vessels_en_bloc', 'CA_Viscous_agent_removal', 'LH_Dividing_Uterine_Vessels_and_Ligament', 'CA_Phacoemulsificiation', 'HC_Mobilization_of_ascending_colon', 'GR_Seminal_vesicle_dissection', 'LH_Specimen_Removal', 'LH_Transecting_the_Vagina'}","{'M2_Calot_Triangle_Dissection', 'HCH_Galbladder_Packaging', 'HCH_Clipping_Cutting', 'HCH_Preparation', 'M2_Clipping_Cutting', 'M2_Cleaning_Coagulation', 'M2_Preparation', 'HCH_Galbladder_Retraction', 'M2_Gallbladder_Dissection', 'M2_Gallbladder_Packaging', 'HCH_Galbladder_Dissection', 'M2_Trocar_Placement', 'HCH_Cleaning_Coagulation', 'M2_Gallbladder_Retraction', 'HCH_Calot_Triangle_Dissection'}",1717398227,checkpoint_000078,True,False,79,563c6_00008,2024-06-03_09-03-47,90.1671633720398,7156.909581422806,2754764,fb-OMEN-by-HP-45L-Gaming-Desktop-GT22-0xxx,129.69.82.151,7156.909581422806,79
72.00000123679638,8.231488227844238,3.800580930494553,0.98933333,0.50230336,"{'GR_Idle', 'CA_Hydrodissection', 'LH_Washing', 'CA_Lens_implant_setting-up', 'CA_Irrigation_and_aspiration', 'GR_Ligation_of_the_deep_dorsal_venous_complex', 'GR_Developing_the_Space_of_Retzius', 'HC_Mobilization_of_sigmoid_colon_and_descending_colon', 'GR_Bladder_neck_reconstruction', 'CA_Incision', 'HC_Mobilization_of_transverse_colon', 'CA_Tonifying_and_antibiotics', 'LH_Dividing_Ligament_and_Peritoneum', 'HC_General_preparation_and_orientation_in_the_abdomen', 'HC_Extra-abdominal_preparation_of_anastomosis', 'GR_Left_pelvic_isolated_lymphadenectomy', 'GR_Prostatic_pedicle_control', 'LH_Preparation', 'HC_Dissection_and_resection_of_the_rectum', 'CA_Viscous_agent_injection', 'HC_Mobilization_of_splenic_flexure', 'CA_Capsule_Polishing', 'GR_Right_pelvic_isolated_lymphadenectomy', 'GR_Development_of_the_plane_between_the_prostate_and_rectum', 'HC_Finalization_of_operation', 'LH_Suturing', 'GR_Bladder_neck_identification_and_transection', 'GR_Severing_of_the_prostate_from_the_urethra', 'HC_Creation_of_stoma', 'HC_Dissection_of_lymph_nodes_and_blood_vessels_en_bloc', 'HC_Intra-abdominal_preparation_of_anastomosis', 'CA_Viscous_agent_removal', 'LH_Dividing_Uterine_Vessels_and_Ligament', 'CA_Phacoemulsificiation', 'HC_Mobilization_of_ascending_colon', 'GR_Seminal_vesicle_dissection', 'LH_Specimen_Removal', 'LH_Transecting_the_Vagina'}","{'M2_Calot_Triangle_Dissection', 'HCH_Galbladder_Packaging', 'HCH_Clipping_Cutting', 'HCH_Preparation', 'M2_Clipping_Cutting', 'M2_Cleaning_Coagulation', 'M2_Preparation', 'HCH_Galbladder_Retraction', 'M2_Gallbladder_Dissection', 'M2_Gallbladder_Packaging', 'HCH_Galbladder_Dissection', 'M2_Trocar_Placement', 'HCH_Cleaning_Coagulation', 'M2_Gallbladder_Retraction', 'HCH_Calot_Triangle_Dissection'}",1717398318,checkpoint_000079,True,False,80,563c6_00008,2024-06-03_09-05-18,90.63029313087463,7247.53987455368,2754764,fb-OMEN-by-HP-45L-Gaming-Desktop-GT22-0xxx,129.69.82.151,7247.53987455368,80
75.80000111460686,6.72008752822876,3.5624583013439013,0.9866666,0.61125535,"{'CA_Rhexis', 'GR_Idle', 'CA_Hydrodissection', 'LH_Washing', 'CA_Irrigation_and_aspiration', 'GR_Developing_the_Space_of_Retzius', 'HC_Mobilization_of_sigmoid_colon_and_descending_colon', 'HC_Retroperitoneal_preparation_of_duodenum_and_pancreatic_head', 'GR_Bladder_neck_reconstruction', 'CA_Incision', 'CA_Tonifying_and_antibiotics', 'LH_Dividing_Ligament_and_Peritoneum', 'HC_General_preparation_and_orientation_in_the_abdomen', 'HC_Retroperitoneal_preparation_towards_lower_pancreatic_border', 'HC_Extra-abdominal_preparation_of_anastomosis', 'GR_Left_pelvic_isolated_lymphadenectomy', 'GR_Prostatic_pedicle_control', 'LH_Preparation', 'HC_Dissection_and_resection_of_the_rectum', 'CA_Viscous_agent_injection', 'CA_Capsule_Polishing', 'GR_Right_pelvic_isolated_lymphadenectomy', 'GR_Development_of_the_plane_between_the_prostate_and_rectum', 'HC_Finalization_of_operation', 'LH_Suturing', 'GR_Bladder_neck_identification_and_transection', 'GR_Severing_of_the_prostate_from_the_urethra', 'HC_Dissection_of_lymph_nodes_and_blood_vessels_en_bloc', 'HC_Intra-abdominal_preparation_of_anastomosis', 'CA_Viscous_agent_removal', 'LH_Dividing_Uterine_Vessels_and_Ligament', 'CA_Phacoemulsificiation', 'HC_Mobilization_of_ascending_colon', 'GR_Seminal_vesicle_dissection', 'LH_Specimen_Removal', 'LH_Transecting_the_Vagina'}","{'M2_Calot_Triangle_Dissection', 'HCH_Galbladder_Packaging', 'HCH_Clipping_Cutting', 'HCH_Preparation', 'M2_Clipping_Cutting', 'M2_Cleaning_Coagulation', 'M2_Preparation', 'HCH_Galbladder_Retraction', 'M2_Gallbladder_Dissection', 'M2_Gallbladder_Packaging', 'HCH_Galbladder_Dissection', 'M2_Trocar_Placement', 'HCH_Cleaning_Coagulation', 'M2_Gallbladder_Retraction', 'HCH_Calot_Triangle_Dissection'}",1717398408,checkpoint_000080,True,False,81,563c6_00008,2024-06-03_09-06-48,90.513356924057,7338.053231477737,2754764,fb-OMEN-by-HP-45L-Gaming-Desktop-GT22-0xxx,129.69.82.151,7338.053231477737,81
74.20000119507313,6.973747253417969,3.6477068334900005,0.97800004,1.3345611,"{'CA_Rhexis', 'CA_Hydrodissection', 'CA_Lens_implant_setting-up', 'CA_Irrigation_and_aspiration', 'GR_Ligation_of_the_deep_dorsal_venous_complex', 'GR_Developing_the_Space_of_Retzius', 'HC_Retroperitoneal_preparation_of_duodenum_and_pancreatic_head', 'GR_Bladder_neck_reconstruction', 'CA_Incision', 'HC_Mobilization_of_transverse_colon', 'CA_Tonifying_and_antibiotics', 'LH_Dividing_Ligament_and_Peritoneum', 'HC_General_preparation_and_orientation_in_the_abdomen', 'HC_Retroperitoneal_preparation_towards_lower_pancreatic_border', 'HC_Extra-abdominal_preparation_of_anastomosis', 'GR_Left_pelvic_isolated_lymphadenectomy', 'GR_Prostatic_pedicle_control', 'LH_Preparation', 'HC_Dissection_and_resection_of_the_rectum', 'CA_Viscous_agent_injection', 'HC_Mobilization_of_splenic_flexure', 'CA_Capsule_Polishing', 'GR_Right_pelvic_isolated_lymphadenectomy', 'GR_Development_of_the_plane_between_the_prostate_and_rectum', 'HC_Finalization_of_operation', 'LH_Suturing', 'GR_Bladder_neck_identification_and_transection', 'GR_Severing_of_the_prostate_from_the_urethra', 'HC_Creation_of_stoma', 'HC_Intra-abdominal_preparation_of_anastomosis', 'CA_Viscous_agent_removal', 'LH_Dividing_Uterine_Vessels_and_Ligament', 'CA_Phacoemulsificiation', 'HC_Mobilization_of_ascending_colon', 'GR_Seminal_vesicle_dissection', 'LH_Specimen_Removal', 'LH_Transecting_the_Vagina'}","{'M2_Calot_Triangle_Dissection', 'HCH_Galbladder_Packaging', 'HCH_Clipping_Cutting', 'HCH_Preparation', 'M2_Clipping_Cutting', 'M2_Cleaning_Coagulation', 'M2_Preparation', 'HCH_Galbladder_Retraction', 'M2_Gallbladder_Dissection', 'M2_Gallbladder_Packaging', 'HCH_Galbladder_Dissection', 'M2_Trocar_Placement', 'HCH_Cleaning_Coagulation', 'M2_Gallbladder_Retraction', 'HCH_Calot_Triangle_Dissection'}",1717398499,checkpoint_000081,True,False,82,563c6_00008,2024-06-03_09-08-19,90.45176219940186,7428.504993677139,2754764,fb-OMEN-by-HP-45L-Gaming-Desktop-GT22-0xxx,129.69.82.151,7428.504993677139,82
74.60000120103359,8.383374214172363,3.7128421320120486,0.9853333,0.57638633,"{'GR_Idle', 'LH_Washing', 'CA_Lens_implant_setting-up', 'CA_Irrigation_and_aspiration', 'GR_Ligation_of_the_deep_dorsal_venous_complex', 'GR_Developing_the_Space_of_Retzius', 'HC_Mobilization_of_sigmoid_colon_and_descending_colon', 'HC_Retroperitoneal_preparation_of_duodenum_and_pancreatic_head', 'GR_Bladder_neck_reconstruction', 'CA_Incision', 'HC_Mobilization_of_transverse_colon', 'CA_Tonifying_and_antibiotics', 'LH_Dividing_Ligament_and_Peritoneum', 'HC_General_preparation_and_orientation_in_the_abdomen', 'HC_Retroperitoneal_preparation_towards_lower_pancreatic_border', 'HC_Extra-abdominal_preparation_of_anastomosis', 'GR_Prostatic_pedicle_control', 'LH_Preparation', 'HC_Dissection_and_resection_of_the_rectum', 'CA_Viscous_agent_injection', 'CA_Capsule_Polishing', 'GR_Right_pelvic_isolated_lymphadenectomy', 'GR_Development_of_the_plane_between_the_prostate_and_rectum', 'HC_Finalization_of_operation', 'LH_Suturing', 'GR_Bladder_neck_identification_and_transection', 'GR_Severing_of_the_prostate_from_the_urethra', 'HC_Creation_of_stoma', 'HC_Dissection_of_lymph_nodes_and_blood_vessels_en_bloc', 'HC_Intra-abdominal_preparation_of_anastomosis', 'CA_Viscous_agent_removal', 'LH_Dividing_Uterine_Vessels_and_Ligament', 'HC_Mobilization_of_ascending_colon', 'GR_Seminal_vesicle_dissection', 'LH_Specimen_Removal', 'LH_Transecting_the_Vagina'}","{'M2_Calot_Triangle_Dissection', 'HCH_Galbladder_Packaging', 'HCH_Clipping_Cutting', 'HCH_Preparation', 'M2_Clipping_Cutting', 'M2_Cleaning_Coagulation', 'M2_Preparation', 'HCH_Galbladder_Retraction', 'M2_Gallbladder_Dissection', 'M2_Gallbladder_Packaging', 'HCH_Galbladder_Dissection', 'M2_Trocar_Placement', 'HCH_Cleaning_Coagulation', 'M2_Gallbladder_Retraction', 'HCH_Calot_Triangle_Dissection'}",1717398590,checkpoint_000082,True,False,83,563c6_00008,2024-06-03_09-09-50,90.7491557598114,7519.254149436951,2754764,fb-OMEN-by-HP-45L-Gaming-Desktop-GT22-0xxx,129.69.82.151,7519.254149436951,83
78.00000104308128,6.894679546356201,3.5279999006986644,0.9853334,0.73508453,"{'CA_Rhexis', 'GR_Idle', 'CA_Hydrodissection', 'LH_Washing', 'CA_Lens_implant_setting-up', 'CA_Irrigation_and_aspiration', 'GR_Ligation_of_the_deep_dorsal_venous_complex', 'GR_Developing_the_Space_of_Retzius', 'HC_Mobilization_of_sigmoid_colon_and_descending_colon', 'HC_Retroperitoneal_preparation_of_duodenum_and_pancreatic_head', 'GR_Bladder_neck_reconstruction', 'CA_Incision', 'HC_Mobilization_of_transverse_colon', 'CA_Tonifying_and_antibiotics', 'LH_Dividing_Ligament_and_Peritoneum', 'HC_General_preparation_and_orientation_in_the_abdomen', 'HC_Retroperitoneal_preparation_towards_lower_pancreatic_border', 'HC_Extra-abdominal_preparation_of_anastomosis', 'GR_Left_pelvic_isolated_lymphadenectomy', 'GR_Prostatic_pedicle_control', 'LH_Preparation', 'HC_Dissection_and_resection_of_the_rectum', 'CA_Viscous_agent_injection', 'HC_Mobilization_of_splenic_flexure', 'CA_Capsule_Polishing', 'GR_Right_pelvic_isolated_lymphadenectomy', 'GR_Development_of_the_plane_between_the_prostate_and_rectum', 'HC_Finalization_of_operation', 'LH_Suturing', 'GR_Bladder_neck_identification_and_transection', 'GR_Severing_of_the_prostate_from_the_urethra', 'HC_Creation_of_stoma', 'HC_Dissection_of_lymph_nodes_and_blood_vessels_en_bloc', 'HC_Intra-abdominal_preparation_of_anastomosis', 'CA_Viscous_agent_removal', 'LH_Dividing_Uterine_Vessels_and_Ligament', 'CA_Phacoemulsificiation', 'HC_Mobilization_of_ascending_colon', 'LH_Specimen_Removal', 'LH_Transecting_the_Vagina'}","{'M2_Calot_Triangle_Dissection', 'HCH_Galbladder_Packaging', 'HCH_Clipping_Cutting', 'HCH_Preparation', 'M2_Clipping_Cutting', 'M2_Cleaning_Coagulation', 'M2_Preparation', 'HCH_Galbladder_Retraction', 'M2_Gallbladder_Dissection', 'M2_Gallbladder_Packaging', 'HCH_Galbladder_Dissection', 'M2_Trocar_Placement', 'HCH_Cleaning_Coagulation', 'M2_Gallbladder_Retraction', 'HCH_Calot_Triangle_Dissection'}",1717398680,checkpoint_000083,True,False,84,563c6_00008,2024-06-03_09-11-20,90.60705518722534,7609.861204624176,2754764,fb-OMEN-by-HP-45L-Gaming-Desktop-GT22-0xxx,129.69.82.151,7609.861204624176,84
73.60000129044056,7.214897155761719,3.6722679412027213,0.984,0.75647247,"{'CA_Rhexis', 'GR_Idle', 'CA_Hydrodissection', 'LH_Washing', 'CA_Lens_implant_setting-up', 'CA_Irrigation_and_aspiration', 'GR_Ligation_of_the_deep_dorsal_venous_complex', 'GR_Developing_the_Space_of_Retzius', 'HC_Mobilization_of_sigmoid_colon_and_descending_colon', 'HC_Retroperitoneal_preparation_of_duodenum_and_pancreatic_head', 'GR_Bladder_neck_reconstruction', 'CA_Incision', 'HC_Mobilization_of_transverse_colon', 'CA_Tonifying_and_antibiotics', 'LH_Dividing_Ligament_and_Peritoneum', 'HC_General_preparation_and_orientation_in_the_abdomen', 'HC_Retroperitoneal_preparation_towards_lower_pancreatic_border', 'HC_Extra-abdominal_preparation_of_anastomosis', 'GR_Prostatic_pedicle_control', 'LH_Preparation', 'HC_Dissection_and_resection_of_the_rectum', 'CA_Viscous_agent_injection', 'CA_Capsule_Polishing', 'GR_Right_pelvic_isolated_lymphadenectomy', 'GR_Development_of_the_plane_between_the_prostate_and_rectum', 'HC_Finalization_of_operation', 'LH_Suturing', 'GR_Bladder_neck_identification_and_transection', 'GR_Severing_of_the_prostate_from_the_urethra', 'HC_Creation_of_stoma', 'HC_Dissection_of_lymph_nodes_and_blood_vessels_en_bloc', 'HC_Intra-abdominal_preparation_of_anastomosis', 'CA_Viscous_agent_removal', 'LH_Dividing_Uterine_Vessels_and_Ligament', 'CA_Phacoemulsificiation', 'HC_Mobilization_of_ascending_colon', 'GR_Seminal_vesicle_dissection', 'LH_Specimen_Removal', 'LH_Transecting_the_Vagina'}","{'M2_Calot_Triangle_Dissection', 'HCH_Galbladder_Packaging', 'HCH_Clipping_Cutting', 'HCH_Preparation', 'M2_Clipping_Cutting', 'M2_Cleaning_Coagulation', 'M2_Preparation', 'HCH_Galbladder_Retraction', 'M2_Gallbladder_Dissection', 'M2_Gallbladder_Packaging', 'HCH_Galbladder_Dissection', 'M2_Trocar_Placement', 'HCH_Cleaning_Coagulation', 'M2_Gallbladder_Retraction', 'HCH_Calot_Triangle_Dissection'}",1717398771,checkpoint_000084,True,False,85,563c6_00008,2024-06-03_09-12-51,90.50934767723083,7700.370552301407,2754764,fb-OMEN-by-HP-45L-Gaming-Desktop-GT22-0xxx,129.69.82.151,7700.370552301407,85
74.20000125467777,7.662930965423584,3.519059689232096,0.9913333,0.5405556,"{'CA_Rhexis', 'GR_Idle', 'CA_Hydrodissection', 'LH_Washing', 'CA_Lens_implant_setting-up', 'CA_Irrigation_and_aspiration', 'GR_Ligation_of_the_deep_dorsal_venous_complex', 'GR_Developing_the_Space_of_Retzius', 'HC_Retroperitoneal_preparation_of_duodenum_and_pancreatic_head', 'GR_Bladder_neck_reconstruction', 'CA_Incision', 'HC_Mobilization_of_transverse_colon', 'CA_Tonifying_and_antibiotics', 'LH_Dividing_Ligament_and_Peritoneum', 'HC_General_preparation_and_orientation_in_the_abdomen', 'HC_Extra-abdominal_preparation_of_anastomosis', 'GR_Left_pelvic_isolated_lymphadenectomy', 'GR_Prostatic_pedicle_control', 'LH_Preparation', 'HC_Dissection_and_resection_of_the_rectum', 'CA_Viscous_agent_injection', 'HC_Mobilization_of_splenic_flexure', 'CA_Capsule_Polishing', 'GR_Right_pelvic_isolated_lymphadenectomy', 'GR_Development_of_the_plane_between_the_prostate_and_rectum', 'HC_Finalization_of_operation', 'LH_Suturing', 'GR_Bladder_neck_identification_and_transection', 'GR_Severing_of_the_prostate_from_the_urethra', 'HC_Creation_of_stoma', 'HC_Dissection_of_lymph_nodes_and_blood_vessels_en_bloc', 'HC_Intra-abdominal_preparation_of_anastomosis', 'CA_Viscous_agent_removal', 'LH_Dividing_Uterine_Vessels_and_Ligament', 'HC_Mobilization_of_ascending_colon', 'GR_Seminal_vesicle_dissection', 'LH_Specimen_Removal', 'LH_Transecting_the_Vagina'}","{'M2_Calot_Triangle_Dissection', 'HCH_Galbladder_Packaging', 'HCH_Clipping_Cutting', 'HCH_Preparation', 'M2_Clipping_Cutting', 'M2_Cleaning_Coagulation', 'M2_Preparation', 'HCH_Galbladder_Retraction', 'M2_Gallbladder_Dissection', 'M2_Gallbladder_Packaging', 'HCH_Galbladder_Dissection', 'M2_Trocar_Placement', 'HCH_Cleaning_Coagulation', 'M2_Gallbladder_Retraction', 'HCH_Calot_Triangle_Dissection'}",1717398861,checkpoint_000085,True,False,86,563c6_00008,2024-06-03_09-14-21,90.5255753993988,7790.896127700806,2754764,fb-OMEN-by-HP-45L-Gaming-Desktop-GT22-0xxx,129.69.82.151,7790.896127700806,86
73.80000120401382,7.636464595794678,3.8285778402361172,0.986,0.8900933,"{'CA_Rhexis', 'CA_Hydrodissection', 'LH_Washing', 'CA_Lens_implant_setting-up', 'CA_Irrigation_and_aspiration', 'GR_Developing_the_Space_of_Retzius', 'HC_Mobilization_of_sigmoid_colon_and_descending_colon', 'HC_Retroperitoneal_preparation_of_duodenum_and_pancreatic_head', 'GR_Bladder_neck_reconstruction', 'CA_Incision', 'HC_Mobilization_of_transverse_colon', 'CA_Tonifying_and_antibiotics', 'LH_Dividing_Ligament_and_Peritoneum', 'HC_General_preparation_and_orientation_in_the_abdomen', 'HC_Retroperitoneal_preparation_towards_lower_pancreatic_border', 'HC_Extra-abdominal_preparation_of_anastomosis', 'GR_Prostatic_pedicle_control', 'LH_Preparation', 'HC_Dissection_and_resection_of_the_rectum', 'CA_Viscous_agent_injection', 'HC_Mobilization_of_splenic_flexure', 'CA_Capsule_Polishing', 'GR_Right_pelvic_isolated_lymphadenectomy', 'HC_Finalization_of_operation', 'LH_Suturing', 'GR_Bladder_neck_identification_and_transection', 'GR_Severing_of_the_prostate_from_the_urethra', 'HC_Creation_of_stoma', 'HC_Dissection_of_lymph_nodes_and_blood_vessels_en_bloc', 'HC_Intra-abdominal_preparation_of_anastomosis', 'CA_Viscous_agent_removal', 'LH_Dividing_Uterine_Vessels_and_Ligament', 'CA_Phacoemulsificiation', 'GR_Seminal_vesicle_dissection', 'LH_Specimen_Removal', 'LH_Transecting_the_Vagina'}","{'M2_Calot_Triangle_Dissection', 'HCH_Galbladder_Packaging', 'HCH_Clipping_Cutting', 'HCH_Preparation', 'M2_Clipping_Cutting', 'M2_Cleaning_Coagulation', 'M2_Preparation', 'HCH_Galbladder_Retraction', 'M2_Gallbladder_Dissection', 'M2_Gallbladder_Packaging', 'HCH_Galbladder_Dissection', 'M2_Trocar_Placement', 'HCH_Cleaning_Coagulation', 'M2_Gallbladder_Retraction', 'HCH_Calot_Triangle_Dissection'}",1717398952,checkpoint_000086,True,False,87,563c6_00008,2024-06-03_09-15-52,90.36173796653748,7881.257865667343,2754764,fb-OMEN-by-HP-45L-Gaming-Desktop-GT22-0xxx,129.69.82.151,7881.257865667343,87
74.20000120997429,7.7219390869140625,3.605334548868393,0.986,0.62394315,"{'CA_Rhexis', 'GR_Idle', 'CA_Hydrodissection', 'LH_Washing', 'CA_Lens_implant_setting-up', 'CA_Irrigation_and_aspiration', 'GR_Developing_the_Space_of_Retzius', 'HC_Mobilization_of_sigmoid_colon_and_descending_colon', 'HC_Retroperitoneal_preparation_of_duodenum_and_pancreatic_head', 'GR_Bladder_neck_reconstruction', 'CA_Incision', 'HC_Mobilization_of_transverse_colon', 'CA_Tonifying_and_antibiotics', 'LH_Dividing_Ligament_and_Peritoneum', 'HC_General_preparation_and_orientation_in_the_abdomen', 'HC_Retroperitoneal_preparation_towards_lower_pancreatic_border', 'HC_Extra-abdominal_preparation_of_anastomosis', 'GR_Left_pelvic_isolated_lymphadenectomy', 'GR_Prostatic_pedicle_control', 'LH_Preparation', 'HC_Dissection_and_resection_of_the_rectum', 'CA_Viscous_agent_injection', 'HC_Mobilization_of_splenic_flexure', 'CA_Capsule_Polishing', 'GR_Right_pelvic_isolated_lymphadenectomy', 'GR_Development_of_the_plane_between_the_prostate_and_rectum', 'HC_Finalization_of_operation', 'LH_Suturing', 'GR_Bladder_neck_identification_and_transection', 'GR_Severing_of_the_prostate_from_the_urethra', 'HC_Creation_of_stoma', 'HC_Dissection_of_lymph_nodes_and_blood_vessels_en_bloc', 'HC_Intra-abdominal_preparation_of_anastomosis', 'CA_Viscous_agent_removal', 'LH_Dividing_Uterine_Vessels_and_Ligament', 'CA_Phacoemulsificiation', 'HC_Mobilization_of_ascending_colon', 'GR_Seminal_vesicle_dissection', 'LH_Specimen_Removal', 'LH_Transecting_the_Vagina'}","{'M2_Calot_Triangle_Dissection', 'HCH_Galbladder_Packaging', 'HCH_Clipping_Cutting', 'HCH_Preparation', 'M2_Clipping_Cutting', 'M2_Cleaning_Coagulation', 'M2_Preparation', 'HCH_Galbladder_Retraction', 'M2_Gallbladder_Dissection', 'M2_Gallbladder_Packaging', 'HCH_Galbladder_Dissection', 'M2_Trocar_Placement', 'HCH_Cleaning_Coagulation', 'M2_Gallbladder_Retraction', 'HCH_Calot_Triangle_Dissection'}",1717399042,checkpoint_000087,True,False,88,563c6_00008,2024-06-03_09-17-22,90.68315553665161,7971.941021203995,2754764,fb-OMEN-by-HP-45L-Gaming-Desktop-GT22-0xxx,129.69.82.151,7971.941021203995,88
72.80000120401382,8.513222694396973,3.7811238947091157,0.9840001,0.9581348,"{'CA_Rhexis', 'GR_Idle', 'CA_Hydrodissection', 'LH_Washing', 'CA_Lens_implant_setting-up', 'CA_Irrigation_and_aspiration', 'GR_Ligation_of_the_deep_dorsal_venous_complex', 'GR_Developing_the_Space_of_Retzius', 'HC_Mobilization_of_sigmoid_colon_and_descending_colon', 'GR_Bladder_neck_reconstruction', 'CA_Incision', 'HC_Mobilization_of_transverse_colon', 'CA_Tonifying_and_antibiotics', 'LH_Dividing_Ligament_and_Peritoneum', 'HC_General_preparation_and_orientation_in_the_abdomen', 'HC_Retroperitoneal_preparation_towards_lower_pancreatic_border', 'HC_Extra-abdominal_preparation_of_anastomosis', 'GR_Left_pelvic_isolated_lymphadenectomy', 'LH_Preparation', 'HC_Dissection_and_resection_of_the_rectum', 'HC_Mobilization_of_splenic_flexure', 'CA_Capsule_Polishing', 'GR_Right_pelvic_isolated_lymphadenectomy', 'GR_Development_of_the_plane_between_the_prostate_and_rectum', 'HC_Finalization_of_operation', 'LH_Suturing', 'GR_Bladder_neck_identification_and_transection', 'GR_Severing_of_the_prostate_from_the_urethra', 'HC_Creation_of_stoma', 'HC_Dissection_of_lymph_nodes_and_blood_vessels_en_bloc', 'HC_Intra-abdominal_preparation_of_anastomosis', 'CA_Viscous_agent_removal', 'LH_Dividing_Uterine_Vessels_and_Ligament', 'CA_Phacoemulsificiation', 'HC_Mobilization_of_ascending_colon', 'GR_Seminal_vesicle_dissection', 'LH_Transecting_the_Vagina'}","{'M2_Calot_Triangle_Dissection', 'HCH_Galbladder_Packaging', 'HCH_Clipping_Cutting', 'HCH_Preparation', 'M2_Clipping_Cutting', 'M2_Cleaning_Coagulation', 'M2_Preparation', 'HCH_Galbladder_Retraction', 'M2_Gallbladder_Dissection', 'M2_Gallbladder_Packaging', 'HCH_Galbladder_Dissection', 'M2_Trocar_Placement', 'HCH_Cleaning_Coagulation', 'M2_Gallbladder_Retraction', 'HCH_Calot_Triangle_Dissection'}",1717399133,checkpoint_000088,True,False,89,563c6_00008,2024-06-03_09-18-53,90.78745293617249,8062.728474140167,2754764,fb-OMEN-by-HP-45L-Gaming-Desktop-GT22-0xxx,129.69.82.151,8062.728474140167,89
73.00000125169754,9.325765609741211,3.389156759057638,0.98600006,0.65034384,"{'CA_Rhexis', 'GR_Idle', 'CA_Hydrodissection', 'LH_Washing', 'CA_Irrigation_and_aspiration', 'GR_Ligation_of_the_deep_dorsal_venous_complex', 'GR_Developing_the_Space_of_Retzius', 'HC_Mobilization_of_sigmoid_colon_and_descending_colon', 'HC_Retroperitoneal_preparation_of_duodenum_and_pancreatic_head', 'GR_Bladder_neck_reconstruction', 'CA_Incision', 'HC_Mobilization_of_transverse_colon', 'CA_Tonifying_and_antibiotics', 'LH_Dividing_Ligament_and_Peritoneum', 'HC_General_preparation_and_orientation_in_the_abdomen', 'HC_Extra-abdominal_preparation_of_anastomosis', 'GR_Prostatic_pedicle_control', 'LH_Preparation', 'HC_Dissection_and_resection_of_the_rectum', 'CA_Viscous_agent_injection', 'HC_Mobilization_of_splenic_flexure', 'CA_Capsule_Polishing', 'GR_Right_pelvic_isolated_lymphadenectomy', 'GR_Development_of_the_plane_between_the_prostate_and_rectum', 'HC_Finalization_of_operation', 'LH_Suturing', 'GR_Bladder_neck_identification_and_transection', 'GR_Severing_of_the_prostate_from_the_urethra', 'HC_Creation_of_stoma', 'HC_Dissection_of_lymph_nodes_and_blood_vessels_en_bloc', 'HC_Intra-abdominal_preparation_of_anastomosis', 'CA_Viscous_agent_removal', 'LH_Dividing_Uterine_Vessels_and_Ligament', 'HC_Mobilization_of_ascending_colon', 'GR_Seminal_vesicle_dissection', 'LH_Specimen_Removal', 'LH_Transecting_the_Vagina'}","{'M2_Calot_Triangle_Dissection', 'HCH_Galbladder_Packaging', 'HCH_Clipping_Cutting', 'HCH_Preparation', 'M2_Clipping_Cutting', 'M2_Cleaning_Coagulation', 'M2_Preparation', 'HCH_Galbladder_Retraction', 'M2_Gallbladder_Dissection', 'M2_Gallbladder_Packaging', 'HCH_Galbladder_Dissection', 'M2_Trocar_Placement', 'HCH_Cleaning_Coagulation', 'M2_Gallbladder_Retraction', 'HCH_Calot_Triangle_Dissection'}",1717399224,checkpoint_000089,True,False,90,563c6_00008,2024-06-03_09-20-24,90.53664779663086,8153.265121936798,2754764,fb-OMEN-by-HP-45L-Gaming-Desktop-GT22-0xxx,129.69.82.151,8153.265121936798,90
74.80000120401382,7.745583534240723,3.785185673945238,0.9853334,0.8546826,"{'CA_Rhexis', 'GR_Idle', 'CA_Hydrodissection', 'LH_Washing', 'CA_Lens_implant_setting-up', 'CA_Irrigation_and_aspiration', 'GR_Ligation_of_the_deep_dorsal_venous_complex', 'GR_Developing_the_Space_of_Retzius', 'HC_Mobilization_of_sigmoid_colon_and_descending_colon', 'HC_Retroperitoneal_preparation_of_duodenum_and_pancreatic_head', 'GR_Bladder_neck_reconstruction', 'CA_Incision', 'CA_Tonifying_and_antibiotics', 'LH_Dividing_Ligament_and_Peritoneum', 'HC_General_preparation_and_orientation_in_the_abdomen', 'HC_Retroperitoneal_preparation_towards_lower_pancreatic_border', 'GR_Left_pelvic_isolated_lymphadenectomy', 'GR_Prostatic_pedicle_control', 'LH_Preparation', 'HC_Dissection_and_resection_of_the_rectum', 'CA_Viscous_agent_injection', 'HC_Mobilization_of_splenic_flexure', 'CA_Capsule_Polishing', 'GR_Right_pelvic_isolated_lymphadenectomy', 'GR_Development_of_the_plane_between_the_prostate_and_rectum', 'HC_Finalization_of_operation', 'LH_Suturing', 'GR_Bladder_neck_identification_and_transection', 'GR_Severing_of_the_prostate_from_the_urethra', 'HC_Creation_of_stoma', 'HC_Dissection_of_lymph_nodes_and_blood_vessels_en_bloc', 'HC_Intra-abdominal_preparation_of_anastomosis', 'CA_Viscous_agent_removal', 'LH_Dividing_Uterine_Vessels_and_Ligament', 'CA_Phacoemulsificiation', 'GR_Seminal_vesicle_dissection', 'LH_Specimen_Removal'}","{'M2_Calot_Triangle_Dissection', 'HCH_Galbladder_Packaging', 'HCH_Clipping_Cutting', 'HCH_Preparation', 'M2_Clipping_Cutting', 'M2_Cleaning_Coagulation', 'M2_Preparation', 'HCH_Galbladder_Retraction', 'M2_Gallbladder_Dissection', 'M2_Gallbladder_Packaging', 'HCH_Galbladder_Dissection', 'M2_Trocar_Placement', 'HCH_Cleaning_Coagulation', 'M2_Gallbladder_Retraction', 'HCH_Calot_Triangle_Dissection'}",1717399315,checkpoint_000090,True,False,91,563c6_00008,2024-06-03_09-21-55,90.8573067188263,8244.122428655624,2754764,fb-OMEN-by-HP-45L-Gaming-Desktop-GT22-0xxx,129.69.82.151,8244.122428655624,91
74.400001257658,9.0073881149292,3.5096588837846396,0.98733336,0.89409715,"{'CA_Rhexis', 'CA_Hydrodissection', 'LH_Washing', 'CA_Lens_implant_setting-up', 'CA_Irrigation_and_aspiration', 'GR_Developing_the_Space_of_Retzius', 'HC_Mobilization_of_sigmoid_colon_and_descending_colon', 'HC_Retroperitoneal_preparation_of_duodenum_and_pancreatic_head', 'GR_Bladder_neck_reconstruction', 'CA_Incision', 'HC_Mobilization_of_transverse_colon', 'CA_Tonifying_and_antibiotics', 'LH_Dividing_Ligament_and_Peritoneum', 'HC_Retroperitoneal_preparation_towards_lower_pancreatic_border', 'HC_Extra-abdominal_preparation_of_anastomosis', 'GR_Left_pelvic_isolated_lymphadenectomy', 'GR_Prostatic_pedicle_control', 'LH_Preparation', 'HC_Dissection_and_resection_of_the_rectum', 'CA_Viscous_agent_injection', 'HC_Mobilization_of_splenic_flexure', 'CA_Capsule_Polishing', 'GR_Right_pelvic_isolated_lymphadenectomy', 'HC_Finalization_of_operation', 'LH_Suturing', 'GR_Bladder_neck_identification_and_transection', 'GR_Severing_of_the_prostate_from_the_urethra', 'HC_Creation_of_stoma', 'HC_Dissection_of_lymph_nodes_and_blood_vessels_en_bloc', 'CA_Viscous_agent_removal', 'LH_Dividing_Uterine_Vessels_and_Ligament', 'CA_Phacoemulsificiation', 'HC_Mobilization_of_ascending_colon', 'GR_Seminal_vesicle_dissection', 'LH_Specimen_Removal', 'LH_Transecting_the_Vagina'}","{'M2_Calot_Triangle_Dissection', 'HCH_Galbladder_Packaging', 'HCH_Clipping_Cutting', 'HCH_Preparation', 'M2_Clipping_Cutting', 'M2_Cleaning_Coagulation', 'M2_Preparation', 'HCH_Galbladder_Retraction', 'M2_Gallbladder_Dissection', 'M2_Gallbladder_Packaging', 'HCH_Galbladder_Dissection', 'M2_Trocar_Placement', 'HCH_Cleaning_Coagulation', 'M2_Gallbladder_Retraction', 'HCH_Calot_Triangle_Dissection'}",1717399405,checkpoint_000091,True,False,92,563c6_00008,2024-06-03_09-23-25,90.49770069122314,8334.620129346848,2754764,fb-OMEN-by-HP-45L-Gaming-Desktop-GT22-0xxx,129.69.82.151,8334.620129346848,92
78.20000115036964,6.913143157958984,3.2370275482655453,0.9840001,0.79186463,"{'CA_Rhexis', 'GR_Idle', 'CA_Hydrodissection', 'LH_Washing', 'CA_Lens_implant_setting-up', 'CA_Irrigation_and_aspiration', 'GR_Ligation_of_the_deep_dorsal_venous_complex', 'GR_Developing_the_Space_of_Retzius', 'HC_Mobilization_of_sigmoid_colon_and_descending_colon', 'HC_Retroperitoneal_preparation_of_duodenum_and_pancreatic_head', 'GR_Bladder_neck_reconstruction', 'CA_Incision', 'HC_Mobilization_of_transverse_colon', 'CA_Tonifying_and_antibiotics', 'LH_Dividing_Ligament_and_Peritoneum', 'HC_General_preparation_and_orientation_in_the_abdomen', 'HC_Retroperitoneal_preparation_towards_lower_pancreatic_border', 'HC_Extra-abdominal_preparation_of_anastomosis', 'GR_Left_pelvic_isolated_lymphadenectomy', 'GR_Prostatic_pedicle_control', 'LH_Preparation', 'HC_Dissection_and_resection_of_the_rectum', 'CA_Viscous_agent_injection', 'HC_Mobilization_of_splenic_flexure', 'CA_Capsule_Polishing', 'GR_Right_pelvic_isolated_lymphadenectomy', 'GR_Development_of_the_plane_between_the_prostate_and_rectum', 'HC_Finalization_of_operation', 'LH_Suturing', 'GR_Bladder_neck_identification_and_transection', 'GR_Severing_of_the_prostate_from_the_urethra', 'HC_Creation_of_stoma', 'HC_Dissection_of_lymph_nodes_and_blood_vessels_en_bloc', 'HC_Intra-abdominal_preparation_of_anastomosis', 'CA_Viscous_agent_removal', 'LH_Dividing_Uterine_Vessels_and_Ligament', 'HC_Mobilization_of_ascending_colon', 'GR_Seminal_vesicle_dissection', 'LH_Specimen_Removal', 'LH_Transecting_the_Vagina'}","{'M2_Calot_Triangle_Dissection', 'HCH_Galbladder_Packaging', 'HCH_Clipping_Cutting', 'HCH_Preparation', 'M2_Clipping_Cutting', 'M2_Cleaning_Coagulation', 'M2_Preparation', 'HCH_Galbladder_Retraction', 'M2_Gallbladder_Dissection', 'M2_Gallbladder_Packaging', 'HCH_Galbladder_Dissection', 'M2_Trocar_Placement', 'HCH_Cleaning_Coagulation', 'M2_Gallbladder_Retraction', 'HCH_Calot_Triangle_Dissection'}",1717399496,checkpoint_000092,True,False,93,563c6_00008,2024-06-03_09-24-56,90.51715397834778,8425.137283325195,2754764,fb-OMEN-by-HP-45L-Gaming-Desktop-GT22-0xxx,129.69.82.151,8425.137283325195,93
74.8000011742115,7.369311809539795,3.785185684471018,0.9886667,0.9708512,"{'CA_Rhexis', 'GR_Idle', 'CA_Hydrodissection', 'LH_Washing', 'CA_Lens_implant_setting-up', 'CA_Irrigation_and_aspiration', 'GR_Ligation_of_the_deep_dorsal_venous_complex', 'HC_Mobilization_of_sigmoid_colon_and_descending_colon', 'HC_Retroperitoneal_preparation_of_duodenum_and_pancreatic_head', 'GR_Bladder_neck_reconstruction', 'CA_Incision', 'HC_Mobilization_of_transverse_colon', 'CA_Tonifying_and_antibiotics', 'LH_Dividing_Ligament_and_Peritoneum', 'HC_General_preparation_and_orientation_in_the_abdomen', 'HC_Retroperitoneal_preparation_towards_lower_pancreatic_border', 'GR_Left_pelvic_isolated_lymphadenectomy', 'GR_Prostatic_pedicle_control', 'LH_Preparation', 'HC_Dissection_and_resection_of_the_rectum', 'CA_Viscous_agent_injection', 'HC_Mobilization_of_splenic_flexure', 'CA_Capsule_Polishing', 'GR_Development_of_the_plane_between_the_prostate_and_rectum', 'HC_Finalization_of_operation', 'LH_Suturing', 'GR_Bladder_neck_identification_and_transection', 'GR_Severing_of_the_prostate_from_the_urethra', 'HC_Creation_of_stoma', 'HC_Dissection_of_lymph_nodes_and_blood_vessels_en_bloc', 'HC_Intra-abdominal_preparation_of_anastomosis', 'CA_Viscous_agent_removal', 'LH_Dividing_Uterine_Vessels_and_Ligament', 'CA_Phacoemulsificiation', 'HC_Mobilization_of_ascending_colon', 'GR_Seminal_vesicle_dissection', 'LH_Specimen_Removal', 'LH_Transecting_the_Vagina'}","{'M2_Calot_Triangle_Dissection', 'HCH_Galbladder_Packaging', 'HCH_Clipping_Cutting', 'HCH_Preparation', 'M2_Clipping_Cutting', 'M2_Cleaning_Coagulation', 'M2_Preparation', 'HCH_Galbladder_Retraction', 'M2_Gallbladder_Dissection', 'M2_Gallbladder_Packaging', 'HCH_Galbladder_Dissection', 'M2_Trocar_Placement', 'HCH_Cleaning_Coagulation', 'M2_Gallbladder_Retraction', 'HCH_Calot_Triangle_Dissection'}",1717399586,checkpoint_000093,True,False,94,563c6_00008,2024-06-03_09-26-26,90.70641875267029,8515.843702077866,2754764,fb-OMEN-by-HP-45L-Gaming-Desktop-GT22-0xxx,129.69.82.151,8515.843702077866,94
75.40000112354755,7.475440979003906,3.7128421455181453,0.98733336,0.6926841,"{'CA_Rhexis', 'GR_Idle', 'CA_Hydrodissection', 'LH_Washing', 'CA_Lens_implant_setting-up', 'CA_Irrigation_and_aspiration', 'GR_Ligation_of_the_deep_dorsal_venous_complex', 'GR_Developing_the_Space_of_Retzius', 'HC_Mobilization_of_sigmoid_colon_and_descending_colon', 'HC_Retroperitoneal_preparation_of_duodenum_and_pancreatic_head', 'GR_Bladder_neck_reconstruction', 'CA_Incision', 'HC_Mobilization_of_transverse_colon', 'CA_Tonifying_and_antibiotics', 'LH_Dividing_Ligament_and_Peritoneum', 'HC_Extra-abdominal_preparation_of_anastomosis', 'GR_Left_pelvic_isolated_lymphadenectomy', 'LH_Preparation', 'HC_Dissection_and_resection_of_the_rectum', 'HC_Mobilization_of_splenic_flexure', 'CA_Capsule_Polishing', 'GR_Right_pelvic_isolated_lymphadenectomy', 'GR_Development_of_the_plane_between_the_prostate_and_rectum', 'LH_Suturing', 'GR_Bladder_neck_identification_and_transection', 'GR_Severing_of_the_prostate_from_the_urethra', 'HC_Creation_of_stoma', 'HC_Dissection_of_lymph_nodes_and_blood_vessels_en_bloc', 'HC_Intra-abdominal_preparation_of_anastomosis', 'CA_Viscous_agent_removal', 'LH_Dividing_Uterine_Vessels_and_Ligament', 'CA_Phacoemulsificiation', 'HC_Mobilization_of_ascending_colon', 'GR_Seminal_vesicle_dissection', 'LH_Specimen_Removal', 'LH_Transecting_the_Vagina'}","{'M2_Calot_Triangle_Dissection', 'HCH_Galbladder_Packaging', 'HCH_Clipping_Cutting', 'HCH_Preparation', 'M2_Clipping_Cutting', 'M2_Cleaning_Coagulation', 'M2_Preparation', 'HCH_Galbladder_Retraction', 'M2_Gallbladder_Dissection', 'M2_Gallbladder_Packaging', 'HCH_Galbladder_Dissection', 'M2_Trocar_Placement', 'HCH_Cleaning_Coagulation', 'M2_Gallbladder_Retraction', 'HCH_Calot_Triangle_Dissection'}",1717399677,checkpoint_000094,True,False,95,563c6_00008,2024-06-03_09-27-57,90.31844329833984,8606.162145376205,2754764,fb-OMEN-by-HP-45L-Gaming-Desktop-GT22-0xxx,129.69.82.151,8606.162145376205,95
76.40000106394291,7.691384792327881,3.734507197025343,0.9906666,0.3407185,"{'CA_Rhexis', 'GR_Idle', 'CA_Hydrodissection', 'LH_Washing', 'CA_Lens_implant_setting-up', 'CA_Irrigation_and_aspiration', 'GR_Ligation_of_the_deep_dorsal_venous_complex', 'GR_Developing_the_Space_of_Retzius', 'HC_Mobilization_of_sigmoid_colon_and_descending_colon', 'HC_Retroperitoneal_preparation_of_duodenum_and_pancreatic_head', 'GR_Bladder_neck_reconstruction', 'CA_Incision', 'HC_Mobilization_of_transverse_colon', 'CA_Tonifying_and_antibiotics', 'LH_Dividing_Ligament_and_Peritoneum', 'HC_Extra-abdominal_preparation_of_anastomosis', 'GR_Left_pelvic_isolated_lymphadenectomy', 'GR_Prostatic_pedicle_control', 'LH_Preparation', 'HC_Dissection_and_resection_of_the_rectum', 'CA_Viscous_agent_injection', 'HC_Mobilization_of_splenic_flexure', 'CA_Capsule_Polishing', 'GR_Right_pelvic_isolated_lymphadenectomy', 'GR_Development_of_the_plane_between_the_prostate_and_rectum', 'LH_Suturing', 'GR_Bladder_neck_identification_and_transection', 'HC_Creation_of_stoma', 'HC_Dissection_of_lymph_nodes_and_blood_vessels_en_bloc', 'HC_Intra-abdominal_preparation_of_anastomosis', 'CA_Viscous_agent_removal', 'LH_Dividing_Uterine_Vessels_and_Ligament', 'CA_Phacoemulsificiation', 'HC_Mobilization_of_ascending_colon', 'GR_Seminal_vesicle_dissection', 'LH_Specimen_Removal', 'LH_Transecting_the_Vagina'}","{'M2_Calot_Triangle_Dissection', 'HCH_Galbladder_Packaging', 'HCH_Clipping_Cutting', 'HCH_Preparation', 'M2_Clipping_Cutting', 'M2_Cleaning_Coagulation', 'M2_Preparation', 'HCH_Galbladder_Retraction', 'M2_Gallbladder_Dissection', 'M2_Gallbladder_Packaging', 'HCH_Galbladder_Dissection', 'M2_Trocar_Placement', 'HCH_Cleaning_Coagulation', 'M2_Gallbladder_Retraction', 'HCH_Calot_Triangle_Dissection'}",1717399767,checkpoint_000095,True,False,96,563c6_00008,2024-06-03_09-29-27,90.74978828430176,8696.911933660507,2754764,fb-OMEN-by-HP-45L-Gaming-Desktop-GT22-0xxx,129.69.82.151,8696.911933660507,96
75.40000109374523,7.196272373199463,3.8748559627485912,0.9853334,0.5061395,"{'CA_Rhexis', 'CA_Hydrodissection', 'LH_Washing', 'CA_Lens_implant_setting-up', 'CA_Irrigation_and_aspiration', 'GR_Ligation_of_the_deep_dorsal_venous_complex', 'GR_Developing_the_Space_of_Retzius', 'HC_Mobilization_of_sigmoid_colon_and_descending_colon', 'HC_Retroperitoneal_preparation_of_duodenum_and_pancreatic_head', 'GR_Bladder_neck_reconstruction', 'CA_Incision', 'HC_Mobilization_of_transverse_colon', 'CA_Tonifying_and_antibiotics', 'LH_Dividing_Ligament_and_Peritoneum', 'HC_General_preparation_and_orientation_in_the_abdomen', 'GR_Left_pelvic_isolated_lymphadenectomy', 'GR_Prostatic_pedicle_control', 'LH_Preparation', 'HC_Dissection_and_resection_of_the_rectum', 'CA_Viscous_agent_injection', 'HC_Mobilization_of_splenic_flexure', 'CA_Capsule_Polishing', 'GR_Right_pelvic_isolated_lymphadenectomy', 'GR_Development_of_the_plane_between_the_prostate_and_rectum', 'HC_Finalization_of_operation', 'LH_Suturing', 'GR_Bladder_neck_identification_and_transection', 'GR_Severing_of_the_prostate_from_the_urethra', 'HC_Creation_of_stoma', 'HC_Dissection_of_lymph_nodes_and_blood_vessels_en_bloc', 'HC_Intra-abdominal_preparation_of_anastomosis', 'CA_Viscous_agent_removal', 'LH_Dividing_Uterine_Vessels_and_Ligament', 'HC_Mobilization_of_ascending_colon', 'GR_Seminal_vesicle_dissection', 'LH_Specimen_Removal', 'LH_Transecting_the_Vagina'}","{'M2_Calot_Triangle_Dissection', 'HCH_Galbladder_Packaging', 'HCH_Clipping_Cutting', 'HCH_Preparation', 'M2_Clipping_Cutting', 'M2_Cleaning_Coagulation', 'M2_Preparation', 'HCH_Galbladder_Retraction', 'M2_Gallbladder_Dissection', 'M2_Gallbladder_Packaging', 'HCH_Galbladder_Dissection', 'M2_Trocar_Placement', 'HCH_Cleaning_Coagulation', 'M2_Gallbladder_Retraction', 'HCH_Calot_Triangle_Dissection'}",1717399858,checkpoint_000096,True,False,97,563c6_00008,2024-06-03_09-30-58,90.78880071640015,8787.700734376907,2754764,fb-OMEN-by-HP-45L-Gaming-Desktop-GT22-0xxx,129.69.82.151,8787.700734376907,97
71.8000011742115,7.851722717285156,4.077365271029027,0.9866666,1.0133032,"{'CA_Rhexis', 'GR_Idle', 'CA_Hydrodissection', 'LH_Washing', 'CA_Lens_implant_setting-up', 'CA_Irrigation_and_aspiration', 'GR_Ligation_of_the_deep_dorsal_venous_complex', 'GR_Developing_the_Space_of_Retzius', 'HC_Retroperitoneal_preparation_of_duodenum_and_pancreatic_head', 'GR_Bladder_neck_reconstruction', 'CA_Incision', 'HC_Mobilization_of_transverse_colon', 'CA_Tonifying_and_antibiotics', 'HC_General_preparation_and_orientation_in_the_abdomen', 'HC_Retroperitoneal_preparation_towards_lower_pancreatic_border', 'HC_Extra-abdominal_preparation_of_anastomosis', 'GR_Left_pelvic_isolated_lymphadenectomy', 'GR_Prostatic_pedicle_control', 'LH_Preparation', 'HC_Dissection_and_resection_of_the_rectum', 'CA_Viscous_agent_injection', 'HC_Mobilization_of_splenic_flexure', 'CA_Capsule_Polishing', 'GR_Right_pelvic_isolated_lymphadenectomy', 'GR_Development_of_the_plane_between_the_prostate_and_rectum', 'LH_Suturing', 'GR_Severing_of_the_prostate_from_the_urethra', 'HC_Creation_of_stoma', 'HC_Dissection_of_lymph_nodes_and_blood_vessels_en_bloc', 'HC_Intra-abdominal_preparation_of_anastomosis', 'CA_Viscous_agent_removal', 'LH_Dividing_Uterine_Vessels_and_Ligament', 'CA_Phacoemulsificiation', 'HC_Mobilization_of_ascending_colon', 'GR_Seminal_vesicle_dissection', 'LH_Specimen_Removal', 'LH_Transecting_the_Vagina'}","{'M2_Calot_Triangle_Dissection', 'HCH_Galbladder_Packaging', 'HCH_Clipping_Cutting', 'HCH_Preparation', 'M2_Clipping_Cutting', 'M2_Cleaning_Coagulation', 'M2_Preparation', 'HCH_Galbladder_Retraction', 'M2_Gallbladder_Dissection', 'M2_Gallbladder_Packaging', 'HCH_Galbladder_Dissection', 'M2_Trocar_Placement', 'HCH_Cleaning_Coagulation', 'M2_Gallbladder_Retraction', 'HCH_Calot_Triangle_Dissection'}",1717399948,checkpoint_000097,True,False,98,563c6_00008,2024-06-03_09-32-28,90.30861830711365,8878.009352684021,2754764,fb-OMEN-by-HP-45L-Gaming-Desktop-GT22-0xxx,129.69.82.151,8878.009352684021,98
74.80000111460686,7.887598037719727,3.785185687374682,0.98800004,0.68275213,"{'CA_Rhexis', 'GR_Idle', 'CA_Hydrodissection', 'LH_Washing', 'CA_Lens_implant_setting-up', 'CA_Irrigation_and_aspiration', 'GR_Ligation_of_the_deep_dorsal_venous_complex', 'GR_Developing_the_Space_of_Retzius', 'HC_Mobilization_of_sigmoid_colon_and_descending_colon', 'HC_Retroperitoneal_preparation_of_duodenum_and_pancreatic_head', 'GR_Bladder_neck_reconstruction', 'CA_Incision', 'HC_Mobilization_of_transverse_colon', 'CA_Tonifying_and_antibiotics', 'LH_Dividing_Ligament_and_Peritoneum', 'HC_General_preparation_and_orientation_in_the_abdomen', 'HC_Retroperitoneal_preparation_towards_lower_pancreatic_border', 'HC_Extra-abdominal_preparation_of_anastomosis', 'GR_Left_pelvic_isolated_lymphadenectomy', 'GR_Prostatic_pedicle_control', 'LH_Preparation', 'HC_Dissection_and_resection_of_the_rectum', 'HC_Mobilization_of_splenic_flexure', 'CA_Capsule_Polishing', 'GR_Development_of_the_plane_between_the_prostate_and_rectum', 'HC_Finalization_of_operation', 'LH_Suturing', 'GR_Bladder_neck_identification_and_transection', 'GR_Severing_of_the_prostate_from_the_urethra', 'HC_Creation_of_stoma', 'HC_Dissection_of_lymph_nodes_and_blood_vessels_en_bloc', 'HC_Intra-abdominal_preparation_of_anastomosis', 'CA_Viscous_agent_removal', 'LH_Dividing_Uterine_Vessels_and_Ligament', 'CA_Phacoemulsificiation', 'HC_Mobilization_of_ascending_colon', 'GR_Seminal_vesicle_dissection', 'LH_Specimen_Removal'}","{'M2_Calot_Triangle_Dissection', 'HCH_Galbladder_Packaging', 'HCH_Clipping_Cutting', 'HCH_Preparation', 'M2_Clipping_Cutting', 'M2_Cleaning_Coagulation', 'M2_Preparation', 'HCH_Galbladder_Retraction', 'M2_Gallbladder_Dissection', 'M2_Gallbladder_Packaging', 'HCH_Galbladder_Dissection', 'M2_Trocar_Placement', 'HCH_Cleaning_Coagulation', 'M2_Gallbladder_Retraction', 'HCH_Calot_Triangle_Dissection'}",1717400039,checkpoint_000098,True,False,99,563c6_00008,2024-06-03_09-33-59,90.46496415138245,8968.474316835403,2754764,fb-OMEN-by-HP-45L-Gaming-Desktop-GT22-0xxx,129.69.82.151,8968.474316835403,99
74.80000120401382,7.655960559844971,3.703103382234011,0.98200005,1.4467448,"{'CA_Rhexis', 'GR_Idle', 'CA_Hydrodissection', 'LH_Washing', 'CA_Lens_implant_setting-up', 'CA_Irrigation_and_aspiration', 'GR_Ligation_of_the_deep_dorsal_venous_complex', 'GR_Developing_the_Space_of_Retzius', 'HC_Retroperitoneal_preparation_of_duodenum_and_pancreatic_head', 'GR_Bladder_neck_reconstruction', 'CA_Incision', 'CA_Tonifying_and_antibiotics', 'LH_Dividing_Ligament_and_Peritoneum', 'HC_General_preparation_and_orientation_in_the_abdomen', 'HC_Retroperitoneal_preparation_towards_lower_pancreatic_border', 'GR_Left_pelvic_isolated_lymphadenectomy', 'LH_Preparation', 'HC_Dissection_and_resection_of_the_rectum', 'CA_Viscous_agent_injection', 'HC_Mobilization_of_splenic_flexure', 'CA_Capsule_Polishing', 'GR_Right_pelvic_isolated_lymphadenectomy', 'GR_Development_of_the_plane_between_the_prostate_and_rectum', 'HC_Finalization_of_operation', 'LH_Suturing', 'GR_Bladder_neck_identification_and_transection', 'HC_Creation_of_stoma', 'HC_Dissection_of_lymph_nodes_and_blood_vessels_en_bloc', 'HC_Intra-abdominal_preparation_of_anastomosis', 'CA_Viscous_agent_removal', 'LH_Dividing_Uterine_Vessels_and_Ligament', 'CA_Phacoemulsificiation', 'HC_Mobilization_of_ascending_colon', 'GR_Seminal_vesicle_dissection', 'LH_Specimen_Removal', 'LH_Transecting_the_Vagina'}","{'M2_Calot_Triangle_Dissection', 'HCH_Galbladder_Packaging', 'HCH_Clipping_Cutting', 'HCH_Preparation', 'M2_Clipping_Cutting', 'M2_Cleaning_Coagulation', 'M2_Preparation', 'HCH_Galbladder_Retraction', 'M2_Gallbladder_Dissection', 'M2_Gallbladder_Packaging', 'HCH_Galbladder_Dissection', 'M2_Trocar_Placement', 'HCH_Cleaning_Coagulation', 'M2_Gallbladder_Retraction', 'HCH_Calot_Triangle_Dissection'}",1717400129,checkpoint_000099,True,False,100,563c6_00008,2024-06-03_09-35-29,90.44387888908386,9058.918195724487,2754764,fb-OMEN-by-HP-45L-Gaming-Desktop-GT22-0xxx,129.69.82.151,9058.918195724487,100
