val_accuracy,val_loss,confidence,train_accuracy,train_loss,used_train_classes,used_val_classes,timestamp,checkpoint_dir_name,should_checkpoint,done,training_iteration,trial_id,date,time_this_iter_s,time_total_s,pid,hostname,node_ip,time_since_restore,iterations_since_restore
54.200001239776604,64.23721313476562,4.122341838087233,0.64599997,1.6420201,"{'LH_Transecting_the_Vagina', 'GR_Bladder_neck_reconstruction', 'HCH_Cleaning_Coagulation', 'LH_Dividing_Ligament_and_Peritoneum', 'LH_Dividing_Uterine_Vessels_and_Ligament', 'CZ_Clipping_Cutting', 'GR_Seminal_vesicle_dissection', 'LH_Washing', 'HC_Retroperitoneal_preparation_of_duodenum_and_pancreatic_head', 'HCH_Galbladder_Packaging', 'GR_Developing_the_Space_of_Retzius', 'HC_Finalization_of_operation', 'HC_General_preparation_and_orientation_in_the_abdomen', 'HC_Mobilization_of_splenic_flexure', 'HC_Retroperitoneal_preparation_towards_lower_pancreatic_border', 'GR_Idle', 'HC_Creation_of_stoma', 'HC_Mobilization_of_transverse_colon', 'HCH_Calot_Triangle_Dissection', 'CA_Incision', 'CA_Capsule_Polishing', 'GR_Severing_of_the_prostate_from_the_urethra', 'CA_Viscous_agent_removal', 'CZ_Gallbladder_Dissection', 'CZ_Calot_Triangle_Dissection', 'CA_Tonifying_and_antibiotics', 'GR_Development_of_the_plane_between_the_prostate_and_rectum', 'CZ_Gallbladder_Retraction', 'GR_Ligation_of_the_deep_dorsal_venous_complex', 'HCH_Galbladder_Retraction', 'GR_Bladder_neck_identification_and_transection', 'HCH_Preparation', 'HC_Mobilization_of_sigmoid_colon_and_descending_colon', 'LH_Specimen_Removal', 'HC_Intra-abdominal_preparation_of_anastomosis', 'HCH_Galbladder_Dissection', 'LH_Preparation', 'HCH_Clipping_Cutting', 'CA_Irrigation_and_aspiration', 'HC_Dissection_of_lymph_nodes_and_blood_vessels_en_bloc', 'CA_Hydrodissection', 'CA_Lens_implant_setting-up', 'HC_Dissection_and_resection_of_the_rectum', 'GR_Left_pelvic_isolated_lymphadenectomy'}","{'M2_Calot_Triangle_Dissection', 'M2_Gallbladder_Retraction', 'CZ_Trocar_Placement', 'M2_Preparation', 'CZ_Clipping_Cutting', 'CZ_Gallbladder_Dissection', 'CZ_Calot_Triangle_Dissection', 'CZ_Cleaning_Coagulation', 'M2_Clipping_Cutting', 'M2_Trocar_Placement', 'CZ_Preparation', 'M2_Cleaning_Coagulation', 'CZ_Gallbladder_Packaging', 'M2_Gallbladder_Packaging', 'CZ_Gallbladder_Retraction'}",1719341741,checkpoint_000000,True,False,1,52d63_00000,2024-06-25_20-55-42,77.77639675140381,77.77639675140381,2938761,fb-OMEN-by-HP-45L-Gaming-Desktop-GT22-0xxx,129.69.82.151,77.77639675140381,1
58.80000112950802,11.704329490661621,4.497591485900861,0.518,1.7294693,"{'LH_Transecting_the_Vagina', 'GR_Bladder_neck_reconstruction', 'HCH_Cleaning_Coagulation', 'LH_Dividing_Ligament_and_Peritoneum', 'HC_Exception', 'LH_Dividing_Uterine_Vessels_and_Ligament', 'GR_Seminal_vesicle_dissection', 'LH_Washing', 'CA_Rhexis', 'HCH_Galbladder_Packaging', 'GR_Developing_the_Space_of_Retzius', 'CZ_Preparation', 'HC_General_preparation_and_orientation_in_the_abdomen', 'HC_Mobilization_of_splenic_flexure', 'HC_Retroperitoneal_preparation_towards_lower_pancreatic_border', 'HC_Finalization_of_operation', 'CZ_Gallbladder_Packaging', 'GR_Idle', 'HC_Mobilization_of_transverse_colon', 'CA_Incision', 'CA_Capsule_Polishing', 'CA_Viscous_agent_removal', 'HC_Extra-abdominal_preparation_of_anastomosis', 'CZ_Gallbladder_Dissection', 'CZ_Calot_Triangle_Dissection', 'HC_Mobilization_of_ascending_colon', 'GR_Development_of_the_plane_between_the_prostate_and_rectum', 'CZ_Gallbladder_Retraction', 'GR_Ligation_of_the_deep_dorsal_venous_complex', 'CA_Phacoemulsificiation', 'HCH_Galbladder_Retraction', 'HCH_Preparation', 'HC_Mobilization_of_sigmoid_colon_and_descending_colon', 'GR_Right_pelvic_isolated_lymphadenectomy', 'LH_Specimen_Removal', 'HCH_Galbladder_Dissection', 'LH_Preparation', 'HCH_Clipping_Cutting', 'CA_Irrigation_and_aspiration', 'HC_Dissection_of_lymph_nodes_and_blood_vessels_en_bloc', 'CA_Hydrodissection', 'CA_Lens_implant_setting-up', 'GR_Prostatic_pedicle_control', 'CZ_Cleaning_Coagulation', 'CA_Viscous_agent_injection', 'GR_Left_pelvic_isolated_lymphadenectomy', 'LH_Suturing'}","{'M2_Calot_Triangle_Dissection', 'M2_Gallbladder_Retraction', 'CZ_Trocar_Placement', 'M2_Preparation', 'CZ_Clipping_Cutting', 'CZ_Gallbladder_Dissection', 'CZ_Calot_Triangle_Dissection', 'M2_Gallbladder_Dissection', 'CZ_Cleaning_Coagulation', 'M2_Clipping_Cutting', 'M2_Trocar_Placement', 'CZ_Preparation', 'M2_Cleaning_Coagulation', 'CZ_Gallbladder_Packaging', 'M2_Gallbladder_Packaging', 'CZ_Gallbladder_Retraction'}",1719341816,checkpoint_000001,True,False,2,52d63_00000,2024-06-25_20-56-56,74.5429139137268,152.31931066513062,2938761,fb-OMEN-by-HP-45L-Gaming-Desktop-GT22-0xxx,129.69.82.151,152.31931066513062,2
58.00000120699406,6.193482398986816,4.2037317172168756,0.48400006,0.59709394,"{'LH_Transecting_the_Vagina', 'HCH_Cleaning_Coagulation', 'HC_Exception', 'LH_Dividing_Uterine_Vessels_and_Ligament', 'CZ_Clipping_Cutting', 'GR_Seminal_vesicle_dissection', 'LH_Washing', 'HCH_Galbladder_Packaging', 'GR_Developing_the_Space_of_Retzius', 'HC_Finalization_of_operation', 'HC_Mobilization_of_splenic_flexure', 'HC_General_preparation_and_orientation_in_the_abdomen', 'HC_Retroperitoneal_preparation_towards_lower_pancreatic_border', 'CZ_Preparation', 'GR_Idle', 'HC_Creation_of_stoma', 'HC_Mobilization_of_transverse_colon', 'HCH_Calot_Triangle_Dissection', 'CA_Incision', 'CA_Capsule_Polishing', 'GR_Severing_of_the_prostate_from_the_urethra', 'CA_Viscous_agent_removal', 'HC_Extra-abdominal_preparation_of_anastomosis', 'CZ_Gallbladder_Dissection', 'CZ_Calot_Triangle_Dissection', 'CA_Tonifying_and_antibiotics', 'CZ_Gallbladder_Retraction', 'GR_Ligation_of_the_deep_dorsal_venous_complex', 'CA_Phacoemulsificiation', 'HCH_Galbladder_Retraction', 'GR_Bladder_neck_identification_and_transection', 'HCH_Preparation', 'GR_Right_pelvic_isolated_lymphadenectomy', 'LH_Specimen_Removal', 'HC_Intra-abdominal_preparation_of_anastomosis', 'HCH_Galbladder_Dissection', 'LH_Preparation', 'HCH_Clipping_Cutting', 'CA_Irrigation_and_aspiration', 'HC_Dissection_of_lymph_nodes_and_blood_vessels_en_bloc', 'CA_Hydrodissection', 'CA_Lens_implant_setting-up', 'GR_Prostatic_pedicle_control', 'HC_Dissection_and_resection_of_the_rectum', 'CA_Viscous_agent_injection', 'GR_Left_pelvic_isolated_lymphadenectomy'}","{'M2_Calot_Triangle_Dissection', 'M2_Gallbladder_Retraction', 'CZ_Trocar_Placement', 'M2_Preparation', 'CZ_Clipping_Cutting', 'CZ_Gallbladder_Dissection', 'CZ_Calot_Triangle_Dissection', 'M2_Gallbladder_Dissection', 'CZ_Cleaning_Coagulation', 'M2_Clipping_Cutting', 'M2_Trocar_Placement', 'CZ_Preparation', 'M2_Cleaning_Coagulation', 'CZ_Gallbladder_Packaging', 'M2_Gallbladder_Packaging', 'CZ_Gallbladder_Retraction'}",1719341890,checkpoint_000002,True,False,3,52d63_00000,2024-06-25_20-58-11,74.49959254264832,226.81890320777893,2938761,fb-OMEN-by-HP-45L-Gaming-Desktop-GT22-0xxx,129.69.82.151,226.81890320777893,3
56.40000143647194,5.9501543045043945,4.050329512075456,0.48600003,0.43132168,"{'LH_Transecting_the_Vagina', 'GR_Bladder_neck_reconstruction', 'HCH_Cleaning_Coagulation', 'LH_Dividing_Ligament_and_Peritoneum', 'HC_Exception', 'LH_Dividing_Uterine_Vessels_and_Ligament', 'LH_Washing', 'CA_Rhexis', 'HCH_Galbladder_Packaging', 'HC_Finalization_of_operation', 'CZ_Preparation', 'HC_Retroperitoneal_preparation_towards_lower_pancreatic_border', 'CZ_Gallbladder_Packaging', 'GR_Idle', 'HC_Creation_of_stoma', 'HC_Mobilization_of_transverse_colon', 'HCH_Calot_Triangle_Dissection', 'CA_Incision', 'GR_Severing_of_the_prostate_from_the_urethra', 'CA_Viscous_agent_removal', 'HC_Extra-abdominal_preparation_of_anastomosis', 'CZ_Calot_Triangle_Dissection', 'CA_Tonifying_and_antibiotics', 'HC_Mobilization_of_ascending_colon', 'GR_Development_of_the_plane_between_the_prostate_and_rectum', 'CZ_Gallbladder_Retraction', 'GR_Ligation_of_the_deep_dorsal_venous_complex', 'HCH_Galbladder_Retraction', 'GR_Bladder_neck_identification_and_transection', 'HCH_Preparation', 'HC_Mobilization_of_sigmoid_colon_and_descending_colon', 'GR_Right_pelvic_isolated_lymphadenectomy', 'LH_Specimen_Removal', 'HCH_Galbladder_Dissection', 'LH_Preparation', 'HCH_Clipping_Cutting', 'CA_Irrigation_and_aspiration', 'HC_Dissection_of_lymph_nodes_and_blood_vessels_en_bloc', 'CA_Hydrodissection', 'CA_Lens_implant_setting-up', 'HC_Dissection_and_resection_of_the_rectum', 'CZ_Cleaning_Coagulation', 'CA_Viscous_agent_injection', 'GR_Left_pelvic_isolated_lymphadenectomy', 'LH_Suturing'}","{'M2_Calot_Triangle_Dissection', 'M2_Gallbladder_Retraction', 'CZ_Trocar_Placement', 'M2_Preparation', 'CZ_Clipping_Cutting', 'CZ_Gallbladder_Dissection', 'CZ_Calot_Triangle_Dissection', 'M2_Gallbladder_Dissection', 'CZ_Cleaning_Coagulation', 'M2_Clipping_Cutting', 'M2_Trocar_Placement', 'CZ_Preparation', 'M2_Cleaning_Coagulation', 'CZ_Gallbladder_Packaging', 'M2_Gallbladder_Packaging', 'CZ_Gallbladder_Retraction'}",1719341965,checkpoint_000003,True,False,4,52d63_00000,2024-06-25_20-59-26,74.61974358558655,301.4386467933655,2938761,fb-OMEN-by-HP-45L-Gaming-Desktop-GT22-0xxx,129.69.82.151,301.4386467933655,4
66.80000130832195,4.624422073364258,3.8893038041476133,0.49800006,0.41106486,"{'LH_Transecting_the_Vagina', 'GR_Bladder_neck_reconstruction', 'LH_Dividing_Ligament_and_Peritoneum', 'LH_Dividing_Uterine_Vessels_and_Ligament', 'CZ_Clipping_Cutting', 'GR_Seminal_vesicle_dissection', 'LH_Washing', 'HC_Retroperitoneal_preparation_of_duodenum_and_pancreatic_head', 'CA_Rhexis', 'HCH_Galbladder_Packaging', 'GR_Developing_the_Space_of_Retzius', 'CZ_Preparation', 'HC_Mobilization_of_splenic_flexure', 'HC_Finalization_of_operation', 'HC_Retroperitoneal_preparation_towards_lower_pancreatic_border', 'CZ_Gallbladder_Packaging', 'GR_Idle', 'HC_Creation_of_stoma', 'HC_Mobilization_of_transverse_colon', 'HCH_Calot_Triangle_Dissection', 'CA_Incision', 'CA_Capsule_Polishing', 'GR_Severing_of_the_prostate_from_the_urethra', 'CA_Viscous_agent_removal', 'HC_Extra-abdominal_preparation_of_anastomosis', 'CZ_Gallbladder_Dissection', 'CZ_Calot_Triangle_Dissection', 'HC_Mobilization_of_ascending_colon', 'GR_Development_of_the_plane_between_the_prostate_and_rectum', 'CZ_Gallbladder_Retraction', 'GR_Ligation_of_the_deep_dorsal_venous_complex', 'CA_Phacoemulsificiation', 'GR_Bladder_neck_identification_and_transection', 'HCH_Preparation', 'HC_Mobilization_of_sigmoid_colon_and_descending_colon', 'GR_Right_pelvic_isolated_lymphadenectomy', 'LH_Specimen_Removal', 'HCH_Galbladder_Dissection', 'LH_Preparation', 'HCH_Clipping_Cutting', 'CA_Hydrodissection', 'CA_Lens_implant_setting-up', 'GR_Prostatic_pedicle_control', 'HC_Dissection_and_resection_of_the_rectum', 'CZ_Cleaning_Coagulation', 'CA_Viscous_agent_injection', 'GR_Left_pelvic_isolated_lymphadenectomy', 'LH_Suturing'}","{'M2_Calot_Triangle_Dissection', 'M2_Gallbladder_Retraction', 'CZ_Trocar_Placement', 'M2_Preparation', 'CZ_Clipping_Cutting', 'CZ_Gallbladder_Dissection', 'CZ_Calot_Triangle_Dissection', 'M2_Gallbladder_Dissection', 'CZ_Cleaning_Coagulation', 'M2_Clipping_Cutting', 'M2_Trocar_Placement', 'CZ_Preparation', 'M2_Cleaning_Coagulation', 'CZ_Gallbladder_Packaging', 'M2_Gallbladder_Packaging', 'CZ_Gallbladder_Retraction'}",1719342040,checkpoint_000004,True,False,5,52d63_00000,2024-06-25_21-00-40,74.81995868682861,376.2586054801941,2938761,fb-OMEN-by-HP-45L-Gaming-Desktop-GT22-0xxx,129.69.82.151,376.2586054801941,5
69.80000118911266,4.027129650115967,4.0924123653907625,0.556,0.3412719,"{'LH_Transecting_the_Vagina', 'GR_Bladder_neck_reconstruction', 'HCH_Cleaning_Coagulation', 'LH_Dividing_Ligament_and_Peritoneum', 'HC_Exception', 'LH_Dividing_Uterine_Vessels_and_Ligament', 'LH_Washing', 'HC_Retroperitoneal_preparation_of_duodenum_and_pancreatic_head', 'HCH_Galbladder_Packaging', 'GR_Developing_the_Space_of_Retzius', 'CZ_Preparation', 'HC_General_preparation_and_orientation_in_the_abdomen', 'HC_Retroperitoneal_preparation_towards_lower_pancreatic_border', 'CZ_Gallbladder_Packaging', 'GR_Idle', 'HC_Creation_of_stoma', 'HC_Mobilization_of_transverse_colon', 'HCH_Calot_Triangle_Dissection', 'CA_Capsule_Polishing', 'GR_Severing_of_the_prostate_from_the_urethra', 'HC_Extra-abdominal_preparation_of_anastomosis', 'CZ_Gallbladder_Dissection', 'CZ_Calot_Triangle_Dissection', 'CA_Tonifying_and_antibiotics', 'GR_Development_of_the_plane_between_the_prostate_and_rectum', 'CZ_Gallbladder_Retraction', 'GR_Ligation_of_the_deep_dorsal_venous_complex', 'CA_Phacoemulsificiation', 'HCH_Galbladder_Retraction', 'HCH_Preparation', 'HC_Mobilization_of_sigmoid_colon_and_descending_colon', 'LH_Specimen_Removal', 'HC_Intra-abdominal_preparation_of_anastomosis', 'HCH_Galbladder_Dissection', 'LH_Preparation', 'HCH_Clipping_Cutting', 'HC_Dissection_of_lymph_nodes_and_blood_vessels_en_bloc', 'CA_Hydrodissection', 'CA_Lens_implant_setting-up', 'GR_Prostatic_pedicle_control', 'HC_Dissection_and_resection_of_the_rectum', 'CZ_Cleaning_Coagulation', 'CA_Viscous_agent_injection', 'GR_Left_pelvic_isolated_lymphadenectomy', 'LH_Suturing'}","{'M2_Calot_Triangle_Dissection', 'M2_Gallbladder_Retraction', 'CZ_Trocar_Placement', 'M2_Preparation', 'CZ_Clipping_Cutting', 'CZ_Gallbladder_Dissection', 'CZ_Calot_Triangle_Dissection', 'M2_Gallbladder_Dissection', 'CZ_Cleaning_Coagulation', 'M2_Clipping_Cutting', 'M2_Trocar_Placement', 'CZ_Preparation', 'M2_Cleaning_Coagulation', 'CZ_Gallbladder_Packaging', 'M2_Gallbladder_Packaging', 'CZ_Gallbladder_Retraction'}",1719342114,checkpoint_000005,True,False,6,52d63_00000,2024-06-25_21-01-55,74.69346261024475,450.95206809043884,2938761,fb-OMEN-by-HP-45L-Gaming-Desktop-GT22-0xxx,129.69.82.151,450.95206809043884,6
70.20000147819519,4.126339912414551,3.0613668408548507,0.574,0.34964165,"{'LH_Transecting_the_Vagina', 'HCH_Cleaning_Coagulation', 'LH_Dividing_Ligament_and_Peritoneum', 'HC_Exception', 'LH_Dividing_Uterine_Vessels_and_Ligament', 'CZ_Clipping_Cutting', 'GR_Seminal_vesicle_dissection', 'LH_Washing', 'CA_Rhexis', 'HCH_Galbladder_Packaging', 'GR_Developing_the_Space_of_Retzius', 'HC_Finalization_of_operation', 'HC_General_preparation_and_orientation_in_the_abdomen', 'HC_Mobilization_of_splenic_flexure', 'CZ_Preparation', 'CZ_Gallbladder_Packaging', 'GR_Idle', 'HC_Creation_of_stoma', 'HC_Mobilization_of_transverse_colon', 'HCH_Calot_Triangle_Dissection', 'CA_Incision', 'CA_Capsule_Polishing', 'GR_Severing_of_the_prostate_from_the_urethra', 'CA_Viscous_agent_removal', 'HC_Extra-abdominal_preparation_of_anastomosis', 'CZ_Gallbladder_Dissection', 'CZ_Calot_Triangle_Dissection', 'CA_Tonifying_and_antibiotics', 'GR_Development_of_the_plane_between_the_prostate_and_rectum', 'GR_Ligation_of_the_deep_dorsal_venous_complex', 'CA_Phacoemulsificiation', 'HCH_Galbladder_Retraction', 'GR_Bladder_neck_identification_and_transection', 'HCH_Preparation', 'GR_Right_pelvic_isolated_lymphadenectomy', 'HC_Intra-abdominal_preparation_of_anastomosis', 'HCH_Galbladder_Dissection', 'LH_Preparation', 'HC_Dissection_of_lymph_nodes_and_blood_vessels_en_bloc', 'CA_Hydrodissection', 'CA_Lens_implant_setting-up', 'GR_Prostatic_pedicle_control', 'HC_Dissection_and_resection_of_the_rectum', 'CZ_Cleaning_Coagulation', 'CA_Viscous_agent_injection', 'CA_Irrigation_and_aspiration'}","{'M2_Calot_Triangle_Dissection', 'M2_Gallbladder_Retraction', 'CZ_Trocar_Placement', 'M2_Preparation', 'CZ_Clipping_Cutting', 'CZ_Gallbladder_Dissection', 'CZ_Calot_Triangle_Dissection', 'M2_Gallbladder_Dissection', 'CZ_Cleaning_Coagulation', 'M2_Clipping_Cutting', 'M2_Trocar_Placement', 'CZ_Preparation', 'M2_Cleaning_Coagulation', 'CZ_Gallbladder_Packaging', 'M2_Gallbladder_Packaging', 'CZ_Gallbladder_Retraction'}",1719342189,checkpoint_000006,True,False,7,52d63_00000,2024-06-25_21-03-10,74.55222511291504,525.5042932033539,2938761,fb-OMEN-by-HP-45L-Gaming-Desktop-GT22-0xxx,129.69.82.151,525.5042932033539,7
64.00000134110451,4.756993770599365,4.073783494905403,0.63199997,0.29473948,"{'LH_Transecting_the_Vagina', 'GR_Bladder_neck_reconstruction', 'HCH_Cleaning_Coagulation', 'LH_Dividing_Ligament_and_Peritoneum', 'HC_Exception', 'LH_Dividing_Uterine_Vessels_and_Ligament', 'CZ_Clipping_Cutting', 'GR_Seminal_vesicle_dissection', 'LH_Washing', 'HC_Retroperitoneal_preparation_of_duodenum_and_pancreatic_head', 'CA_Rhexis', 'HCH_Galbladder_Packaging', 'CZ_Preparation', 'HC_General_preparation_and_orientation_in_the_abdomen', 'HC_Finalization_of_operation', 'CZ_Gallbladder_Packaging', 'GR_Idle', 'HC_Creation_of_stoma', 'HC_Mobilization_of_transverse_colon', 'CA_Capsule_Polishing', 'GR_Severing_of_the_prostate_from_the_urethra', 'CA_Viscous_agent_removal', 'CZ_Gallbladder_Dissection', 'CZ_Calot_Triangle_Dissection', 'GR_Development_of_the_plane_between_the_prostate_and_rectum', 'CZ_Gallbladder_Retraction', 'GR_Ligation_of_the_deep_dorsal_venous_complex', 'CA_Phacoemulsificiation', 'HCH_Galbladder_Retraction', 'HCH_Preparation', 'GR_Right_pelvic_isolated_lymphadenectomy', 'LH_Specimen_Removal', 'HCH_Galbladder_Dissection', 'LH_Preparation', 'HCH_Clipping_Cutting', 'CA_Hydrodissection', 'CA_Lens_implant_setting-up', 'GR_Prostatic_pedicle_control', 'HC_Dissection_and_resection_of_the_rectum', 'CZ_Cleaning_Coagulation', 'CA_Viscous_agent_injection', 'CA_Irrigation_and_aspiration', 'LH_Suturing'}","{'M2_Calot_Triangle_Dissection', 'M2_Gallbladder_Retraction', 'CZ_Trocar_Placement', 'M2_Preparation', 'CZ_Clipping_Cutting', 'CZ_Gallbladder_Dissection', 'CZ_Calot_Triangle_Dissection', 'M2_Gallbladder_Dissection', 'CZ_Cleaning_Coagulation', 'M2_Clipping_Cutting', 'M2_Trocar_Placement', 'CZ_Preparation', 'M2_Cleaning_Coagulation', 'CZ_Gallbladder_Packaging', 'M2_Gallbladder_Packaging', 'CZ_Gallbladder_Retraction'}",1719342264,checkpoint_000007,True,False,8,52d63_00000,2024-06-25_21-04-24,74.82668948173523,600.3309826850891,2938761,fb-OMEN-by-HP-45L-Gaming-Desktop-GT22-0xxx,129.69.82.151,600.3309826850891,8
68.00000134110451,4.91118049621582,4.073783445442799,0.628,0.28067327,"{'LH_Transecting_the_Vagina', 'GR_Bladder_neck_reconstruction', 'LH_Dividing_Ligament_and_Peritoneum', 'HC_Exception', 'LH_Dividing_Uterine_Vessels_and_Ligament', 'CZ_Clipping_Cutting', 'GR_Seminal_vesicle_dissection', 'LH_Washing', 'CA_Rhexis', 'HCH_Galbladder_Packaging', 'GR_Developing_the_Space_of_Retzius', 'CZ_Preparation', 'HC_General_preparation_and_orientation_in_the_abdomen', 'HC_Mobilization_of_splenic_flexure', 'HC_Retroperitoneal_preparation_towards_lower_pancreatic_border', 'CZ_Gallbladder_Packaging', 'HCH_Calot_Triangle_Dissection', 'CA_Incision', 'CA_Capsule_Polishing', 'GR_Severing_of_the_prostate_from_the_urethra', 'CA_Viscous_agent_removal', 'HC_Extra-abdominal_preparation_of_anastomosis', 'CZ_Gallbladder_Dissection', 'CZ_Calot_Triangle_Dissection', 'CA_Tonifying_and_antibiotics', 'HC_Mobilization_of_ascending_colon', 'GR_Development_of_the_plane_between_the_prostate_and_rectum', 'CZ_Gallbladder_Retraction', 'GR_Ligation_of_the_deep_dorsal_venous_complex', 'CA_Phacoemulsificiation', 'HCH_Galbladder_Retraction', 'GR_Bladder_neck_identification_and_transection', 'HCH_Preparation', 'HC_Mobilization_of_sigmoid_colon_and_descending_colon', 'GR_Right_pelvic_isolated_lymphadenectomy', 'HCH_Galbladder_Dissection', 'LH_Preparation', 'HCH_Clipping_Cutting', 'CA_Irrigation_and_aspiration', 'HC_Dissection_of_lymph_nodes_and_blood_vessels_en_bloc', 'CA_Hydrodissection', 'HC_Dissection_and_resection_of_the_rectum', 'CZ_Cleaning_Coagulation', 'CA_Viscous_agent_injection', 'GR_Left_pelvic_isolated_lymphadenectomy', 'LH_Suturing'}","{'M2_Calot_Triangle_Dissection', 'M2_Gallbladder_Retraction', 'CZ_Trocar_Placement', 'M2_Preparation', 'CZ_Clipping_Cutting', 'CZ_Gallbladder_Dissection', 'CZ_Calot_Triangle_Dissection', 'M2_Gallbladder_Dissection', 'CZ_Cleaning_Coagulation', 'M2_Clipping_Cutting', 'M2_Trocar_Placement', 'CZ_Preparation', 'M2_Cleaning_Coagulation', 'CZ_Gallbladder_Packaging', 'M2_Gallbladder_Packaging', 'CZ_Gallbladder_Retraction'}",1719342339,checkpoint_000008,True,False,9,52d63_00000,2024-06-25_21-05-39,74.66853284835815,674.9995155334473,2938761,fb-OMEN-by-HP-45L-Gaming-Desktop-GT22-0xxx,129.69.82.151,674.9995155334473,9
68.60000136494637,4.8190016746521,3.473350013333982,0.666,0.25656527,"{'LH_Transecting_the_Vagina', 'GR_Bladder_neck_reconstruction', 'HCH_Cleaning_Coagulation', 'LH_Dividing_Ligament_and_Peritoneum', 'HC_Exception', 'LH_Dividing_Uterine_Vessels_and_Ligament', 'CZ_Clipping_Cutting', 'GR_Seminal_vesicle_dissection', 'HC_Retroperitoneal_preparation_of_duodenum_and_pancreatic_head', 'CA_Rhexis', 'HCH_Galbladder_Packaging', 'HC_Finalization_of_operation', 'HC_Mobilization_of_splenic_flexure', 'CZ_Preparation', 'HC_Retroperitoneal_preparation_towards_lower_pancreatic_border', 'CZ_Gallbladder_Packaging', 'GR_Idle', 'HC_Mobilization_of_transverse_colon', 'HCH_Calot_Triangle_Dissection', 'CA_Incision', 'CA_Capsule_Polishing', 'GR_Severing_of_the_prostate_from_the_urethra', 'CA_Viscous_agent_removal', 'HC_Extra-abdominal_preparation_of_anastomosis', 'CZ_Gallbladder_Dissection', 'CZ_Calot_Triangle_Dissection', 'CA_Tonifying_and_antibiotics', 'HC_Mobilization_of_ascending_colon', 'GR_Development_of_the_plane_between_the_prostate_and_rectum', 'CZ_Gallbladder_Retraction', 'GR_Ligation_of_the_deep_dorsal_venous_complex', 'CA_Phacoemulsificiation', 'HCH_Galbladder_Retraction', 'HC_Mobilization_of_sigmoid_colon_and_descending_colon', 'LH_Specimen_Removal', 'HC_Intra-abdominal_preparation_of_anastomosis', 'HCH_Galbladder_Dissection', 'LH_Preparation', 'HCH_Clipping_Cutting', 'HC_Dissection_of_lymph_nodes_and_blood_vessels_en_bloc', 'CA_Hydrodissection', 'HC_Dissection_and_resection_of_the_rectum', 'CZ_Cleaning_Coagulation', 'CA_Viscous_agent_injection', 'GR_Left_pelvic_isolated_lymphadenectomy', 'LH_Suturing'}","{'M2_Calot_Triangle_Dissection', 'M2_Gallbladder_Retraction', 'CZ_Trocar_Placement', 'M2_Preparation', 'CZ_Clipping_Cutting', 'CZ_Gallbladder_Dissection', 'CZ_Calot_Triangle_Dissection', 'M2_Gallbladder_Dissection', 'CZ_Cleaning_Coagulation', 'M2_Clipping_Cutting', 'M2_Trocar_Placement', 'CZ_Preparation', 'M2_Cleaning_Coagulation', 'CZ_Gallbladder_Packaging', 'M2_Gallbladder_Packaging', 'CZ_Gallbladder_Retraction'}",1719342413,checkpoint_000009,True,False,10,52d63_00000,2024-06-25_21-06-54,74.8478353023529,749.8473508358002,2938761,fb-OMEN-by-HP-45L-Gaming-Desktop-GT22-0xxx,129.69.82.151,749.8473508358002,10
74.20000118017197,4.130047798156738,3.8525842064458686,0.65599996,0.25714102,"{'LH_Transecting_the_Vagina', 'GR_Bladder_neck_reconstruction', 'HCH_Cleaning_Coagulation', 'LH_Dividing_Ligament_and_Peritoneum', 'HC_Exception', 'LH_Dividing_Uterine_Vessels_and_Ligament', 'CZ_Clipping_Cutting', 'GR_Seminal_vesicle_dissection', 'LH_Washing', 'HC_Retroperitoneal_preparation_of_duodenum_and_pancreatic_head', 'CA_Rhexis', 'HCH_Galbladder_Packaging', 'GR_Developing_the_Space_of_Retzius', 'CZ_Preparation', 'HC_Mobilization_of_splenic_flexure', 'HC_Finalization_of_operation', 'HC_Retroperitoneal_preparation_towards_lower_pancreatic_border', 'CZ_Gallbladder_Packaging', 'GR_Idle', 'HC_Creation_of_stoma', 'HCH_Calot_Triangle_Dissection', 'CA_Incision', 'CA_Capsule_Polishing', 'GR_Severing_of_the_prostate_from_the_urethra', 'CZ_Gallbladder_Dissection', 'CZ_Calot_Triangle_Dissection', 'CA_Tonifying_and_antibiotics', 'HC_Mobilization_of_ascending_colon', 'CZ_Gallbladder_Retraction', 'CA_Phacoemulsificiation', 'HCH_Galbladder_Retraction', 'GR_Bladder_neck_identification_and_transection', 'HCH_Preparation', 'HC_Mobilization_of_sigmoid_colon_and_descending_colon', 'GR_Right_pelvic_isolated_lymphadenectomy', 'LH_Specimen_Removal', 'HCH_Galbladder_Dissection', 'LH_Preparation', 'CA_Irrigation_and_aspiration', 'HC_Dissection_of_lymph_nodes_and_blood_vessels_en_bloc', 'GR_Prostatic_pedicle_control', 'HC_Dissection_and_resection_of_the_rectum', 'CZ_Cleaning_Coagulation', 'CA_Viscous_agent_injection', 'GR_Left_pelvic_isolated_lymphadenectomy', 'LH_Suturing'}","{'M2_Calot_Triangle_Dissection', 'M2_Gallbladder_Retraction', 'CZ_Trocar_Placement', 'M2_Preparation', 'CZ_Clipping_Cutting', 'CZ_Gallbladder_Dissection', 'CZ_Calot_Triangle_Dissection', 'M2_Gallbladder_Dissection', 'CZ_Cleaning_Coagulation', 'M2_Clipping_Cutting', 'M2_Trocar_Placement', 'CZ_Preparation', 'M2_Cleaning_Coagulation', 'CZ_Gallbladder_Packaging', 'M2_Gallbladder_Packaging', 'CZ_Gallbladder_Retraction'}",1719342488,checkpoint_000010,True,False,11,52d63_00000,2024-06-25_21-08-09,74.96709060668945,824.8144414424896,2938761,fb-OMEN-by-HP-45L-Gaming-Desktop-GT22-0xxx,129.69.82.151,824.8144414424896,11
73.80000124871731,4.055192947387695,3.7882291549744993,0.67800003,0.2560699,"{'LH_Transecting_the_Vagina', 'GR_Bladder_neck_reconstruction', 'HCH_Cleaning_Coagulation', 'LH_Dividing_Ligament_and_Peritoneum', 'HC_Exception', 'LH_Dividing_Uterine_Vessels_and_Ligament', 'CZ_Clipping_Cutting', 'GR_Seminal_vesicle_dissection', 'LH_Washing', 'HC_Retroperitoneal_preparation_of_duodenum_and_pancreatic_head', 'HCH_Galbladder_Packaging', 'GR_Developing_the_Space_of_Retzius', 'HC_Finalization_of_operation', 'HC_General_preparation_and_orientation_in_the_abdomen', 'CZ_Preparation', 'HC_Retroperitoneal_preparation_towards_lower_pancreatic_border', 'CZ_Gallbladder_Packaging', 'GR_Idle', 'HC_Mobilization_of_transverse_colon', 'HCH_Calot_Triangle_Dissection', 'CA_Incision', 'CA_Capsule_Polishing', 'GR_Severing_of_the_prostate_from_the_urethra', 'CA_Viscous_agent_removal', 'CZ_Gallbladder_Dissection', 'CZ_Calot_Triangle_Dissection', 'CA_Tonifying_and_antibiotics', 'HC_Mobilization_of_ascending_colon', 'GR_Development_of_the_plane_between_the_prostate_and_rectum', 'CZ_Gallbladder_Retraction', 'GR_Ligation_of_the_deep_dorsal_venous_complex', 'HCH_Galbladder_Retraction', 'GR_Bladder_neck_identification_and_transection', 'HCH_Preparation', 'GR_Right_pelvic_isolated_lymphadenectomy', 'LH_Specimen_Removal', 'HC_Intra-abdominal_preparation_of_anastomosis', 'HCH_Galbladder_Dissection', 'LH_Preparation', 'HCH_Clipping_Cutting', 'CA_Hydrodissection', 'CA_Lens_implant_setting-up', 'GR_Prostatic_pedicle_control', 'HC_Dissection_and_resection_of_the_rectum', 'CZ_Cleaning_Coagulation', 'CA_Viscous_agent_injection', 'GR_Left_pelvic_isolated_lymphadenectomy', 'LH_Suturing'}","{'M2_Calot_Triangle_Dissection', 'M2_Gallbladder_Retraction', 'CZ_Trocar_Placement', 'M2_Preparation', 'CZ_Clipping_Cutting', 'CZ_Gallbladder_Dissection', 'CZ_Calot_Triangle_Dissection', 'M2_Gallbladder_Dissection', 'CZ_Cleaning_Coagulation', 'M2_Clipping_Cutting', 'M2_Trocar_Placement', 'CZ_Preparation', 'M2_Cleaning_Coagulation', 'CZ_Gallbladder_Packaging', 'M2_Gallbladder_Packaging', 'CZ_Gallbladder_Retraction'}",1719342564,checkpoint_000011,True,False,12,52d63_00000,2024-06-25_21-09-24,75.39597964286804,900.2104210853577,2938761,fb-OMEN-by-HP-45L-Gaming-Desktop-GT22-0xxx,129.69.82.151,900.2104210853577,12
70.60000124573708,4.080328464508057,4.090910132339687,0.73800004,0.22471124,"{'LH_Transecting_the_Vagina', 'GR_Bladder_neck_reconstruction', 'HCH_Cleaning_Coagulation', 'LH_Dividing_Ligament_and_Peritoneum', 'LH_Dividing_Uterine_Vessels_and_Ligament', 'GR_Seminal_vesicle_dissection', 'LH_Washing', 'HC_Retroperitoneal_preparation_of_duodenum_and_pancreatic_head', 'CA_Rhexis', 'HCH_Galbladder_Packaging', 'GR_Developing_the_Space_of_Retzius', 'CZ_Preparation', 'HC_General_preparation_and_orientation_in_the_abdomen', 'HC_Mobilization_of_splenic_flexure', 'HC_Retroperitoneal_preparation_towards_lower_pancreatic_border', 'CZ_Gallbladder_Packaging', 'GR_Idle', 'HC_Creation_of_stoma', 'HCH_Calot_Triangle_Dissection', 'CA_Incision', 'CA_Capsule_Polishing', 'CZ_Gallbladder_Dissection', 'CZ_Calot_Triangle_Dissection', 'CA_Tonifying_and_antibiotics', 'HC_Mobilization_of_ascending_colon', 'GR_Development_of_the_plane_between_the_prostate_and_rectum', 'CZ_Gallbladder_Retraction', 'GR_Ligation_of_the_deep_dorsal_venous_complex', 'HCH_Galbladder_Retraction', 'GR_Bladder_neck_identification_and_transection', 'HCH_Preparation', 'GR_Right_pelvic_isolated_lymphadenectomy', 'LH_Specimen_Removal', 'HC_Intra-abdominal_preparation_of_anastomosis', 'HCH_Galbladder_Dissection', 'LH_Preparation', 'HCH_Clipping_Cutting', 'CA_Irrigation_and_aspiration', 'HC_Dissection_of_lymph_nodes_and_blood_vessels_en_bloc', 'GR_Prostatic_pedicle_control', 'HC_Dissection_and_resection_of_the_rectum', 'CZ_Cleaning_Coagulation', 'CA_Viscous_agent_injection', 'GR_Left_pelvic_isolated_lymphadenectomy', 'LH_Suturing'}","{'M2_Calot_Triangle_Dissection', 'M2_Gallbladder_Retraction', 'CZ_Trocar_Placement', 'M2_Preparation', 'CZ_Clipping_Cutting', 'CZ_Gallbladder_Dissection', 'CZ_Calot_Triangle_Dissection', 'M2_Gallbladder_Dissection', 'CZ_Cleaning_Coagulation', 'M2_Clipping_Cutting', 'M2_Trocar_Placement', 'CZ_Preparation', 'M2_Cleaning_Coagulation', 'CZ_Gallbladder_Packaging', 'M2_Gallbladder_Packaging', 'CZ_Gallbladder_Retraction'}",1719342639,checkpoint_000012,True,False,13,52d63_00000,2024-06-25_21-10-39,74.985848903656,975.1962699890137,2938761,fb-OMEN-by-HP-45L-Gaming-Desktop-GT22-0xxx,129.69.82.151,975.1962699890137,13
68.80000133812428,4.898794651031494,3.9325239495735658,0.71199995,0.23697168,"{'LH_Transecting_the_Vagina', 'GR_Bladder_neck_reconstruction', 'HCH_Cleaning_Coagulation', 'LH_Dividing_Ligament_and_Peritoneum', 'HC_Exception', 'LH_Dividing_Uterine_Vessels_and_Ligament', 'CZ_Clipping_Cutting', 'GR_Seminal_vesicle_dissection', 'LH_Washing', 'HC_Retroperitoneal_preparation_of_duodenum_and_pancreatic_head', 'CA_Rhexis', 'HCH_Galbladder_Packaging', 'GR_Developing_the_Space_of_Retzius', 'HC_Finalization_of_operation', 'HC_Mobilization_of_splenic_flexure', 'CZ_Preparation', 'HC_General_preparation_and_orientation_in_the_abdomen', 'CZ_Gallbladder_Packaging', 'GR_Idle', 'HC_Mobilization_of_transverse_colon', 'HCH_Calot_Triangle_Dissection', 'CA_Incision', 'GR_Severing_of_the_prostate_from_the_urethra', 'HC_Extra-abdominal_preparation_of_anastomosis', 'CZ_Gallbladder_Dissection', 'CZ_Calot_Triangle_Dissection', 'CA_Tonifying_and_antibiotics', 'HC_Mobilization_of_ascending_colon', 'CZ_Gallbladder_Retraction', 'GR_Ligation_of_the_deep_dorsal_venous_complex', 'CA_Phacoemulsificiation', 'HCH_Galbladder_Retraction', 'GR_Bladder_neck_identification_and_transection', 'HCH_Preparation', 'HC_Mobilization_of_sigmoid_colon_and_descending_colon', 'GR_Right_pelvic_isolated_lymphadenectomy', 'LH_Specimen_Removal', 'HC_Intra-abdominal_preparation_of_anastomosis', 'HCH_Galbladder_Dissection', 'LH_Preparation', 'HCH_Clipping_Cutting', 'HC_Dissection_of_lymph_nodes_and_blood_vessels_en_bloc', 'CA_Lens_implant_setting-up', 'CZ_Cleaning_Coagulation', 'CA_Viscous_agent_injection', 'HC_Creation_of_stoma', 'LH_Suturing'}","{'M2_Calot_Triangle_Dissection', 'M2_Gallbladder_Retraction', 'CZ_Trocar_Placement', 'M2_Preparation', 'CZ_Clipping_Cutting', 'CZ_Gallbladder_Dissection', 'CZ_Calot_Triangle_Dissection', 'M2_Gallbladder_Dissection', 'CZ_Cleaning_Coagulation', 'M2_Clipping_Cutting', 'M2_Trocar_Placement', 'CZ_Preparation', 'M2_Cleaning_Coagulation', 'CZ_Gallbladder_Packaging', 'M2_Gallbladder_Packaging', 'CZ_Gallbladder_Retraction'}",1719342714,checkpoint_000013,True,False,14,52d63_00000,2024-06-25_21-11-55,75.12192893028259,1050.3181989192963,2938761,fb-OMEN-by-HP-45L-Gaming-Desktop-GT22-0xxx,129.69.82.151,1050.3181989192963,14
71.00000113248825,4.892296314239502,3.9346724862563116,0.66600007,0.24994898,"{'LH_Transecting_the_Vagina', 'GR_Bladder_neck_reconstruction', 'HCH_Cleaning_Coagulation', 'LH_Dividing_Ligament_and_Peritoneum', 'HC_Exception', 'LH_Dividing_Uterine_Vessels_and_Ligament', 'CZ_Clipping_Cutting', 'LH_Washing', 'HC_Retroperitoneal_preparation_of_duodenum_and_pancreatic_head', 'CA_Rhexis', 'GR_Developing_the_Space_of_Retzius', 'HC_Finalization_of_operation', 'HC_General_preparation_and_orientation_in_the_abdomen', 'HC_Mobilization_of_splenic_flexure', 'HC_Retroperitoneal_preparation_towards_lower_pancreatic_border', 'CZ_Preparation', 'CZ_Gallbladder_Packaging', 'HC_Creation_of_stoma', 'HC_Mobilization_of_transverse_colon', 'HCH_Calot_Triangle_Dissection', 'CA_Incision', 'GR_Severing_of_the_prostate_from_the_urethra', 'CA_Viscous_agent_removal', 'HC_Extra-abdominal_preparation_of_anastomosis', 'CZ_Gallbladder_Dissection', 'CZ_Calot_Triangle_Dissection', 'CA_Tonifying_and_antibiotics', 'HC_Mobilization_of_ascending_colon', 'GR_Development_of_the_plane_between_the_prostate_and_rectum', 'CZ_Gallbladder_Retraction', 'GR_Ligation_of_the_deep_dorsal_venous_complex', 'CA_Phacoemulsificiation', 'HCH_Galbladder_Retraction', 'HCH_Preparation', 'HC_Mobilization_of_sigmoid_colon_and_descending_colon', 'LH_Specimen_Removal', 'HC_Intra-abdominal_preparation_of_anastomosis', 'HCH_Galbladder_Dissection', 'LH_Preparation', 'HCH_Clipping_Cutting', 'CA_Irrigation_and_aspiration', 'HC_Dissection_of_lymph_nodes_and_blood_vessels_en_bloc', 'CA_Lens_implant_setting-up', 'GR_Prostatic_pedicle_control', 'HC_Dissection_and_resection_of_the_rectum', 'CZ_Cleaning_Coagulation', 'CA_Viscous_agent_injection', 'GR_Left_pelvic_isolated_lymphadenectomy', 'LH_Suturing'}","{'M2_Calot_Triangle_Dissection', 'M2_Gallbladder_Retraction', 'CZ_Trocar_Placement', 'M2_Preparation', 'CZ_Clipping_Cutting', 'CZ_Gallbladder_Dissection', 'CZ_Calot_Triangle_Dissection', 'M2_Gallbladder_Dissection', 'CZ_Cleaning_Coagulation', 'M2_Clipping_Cutting', 'M2_Trocar_Placement', 'CZ_Preparation', 'M2_Cleaning_Coagulation', 'CZ_Gallbladder_Packaging', 'M2_Gallbladder_Packaging', 'CZ_Gallbladder_Retraction'}",1719342789,checkpoint_000014,True,False,15,52d63_00000,2024-06-25_21-13-09,74.84519696235657,1125.1633958816528,2938761,fb-OMEN-by-HP-45L-Gaming-Desktop-GT22-0xxx,129.69.82.151,1125.1633958816528,15
75.60000118613243,3.711655378341675,3.487698599875877,0.6820001,0.26019305,"{'LH_Transecting_the_Vagina', 'LH_Dividing_Ligament_and_Peritoneum', 'HC_Exception', 'CZ_Clipping_Cutting', 'GR_Seminal_vesicle_dissection', 'LH_Washing', 'HC_Retroperitoneal_preparation_of_duodenum_and_pancreatic_head', 'CA_Rhexis', 'CZ_Preparation', 'HC_General_preparation_and_orientation_in_the_abdomen', 'HC_Mobilization_of_splenic_flexure', 'HC_Retroperitoneal_preparation_towards_lower_pancreatic_border', 'CZ_Gallbladder_Packaging', 'GR_Idle', 'HCH_Calot_Triangle_Dissection', 'CA_Incision', 'CA_Capsule_Polishing', 'GR_Severing_of_the_prostate_from_the_urethra', 'HC_Extra-abdominal_preparation_of_anastomosis', 'CZ_Gallbladder_Dissection', 'CZ_Calot_Triangle_Dissection', 'CA_Tonifying_and_antibiotics', 'HC_Mobilization_of_ascending_colon', 'GR_Development_of_the_plane_between_the_prostate_and_rectum', 'CZ_Gallbladder_Retraction', 'GR_Ligation_of_the_deep_dorsal_venous_complex', 'CA_Phacoemulsificiation', 'HCH_Galbladder_Retraction', 'HCH_Preparation', 'HC_Mobilization_of_sigmoid_colon_and_descending_colon', 'GR_Right_pelvic_isolated_lymphadenectomy', 'LH_Specimen_Removal', 'HC_Intra-abdominal_preparation_of_anastomosis', 'LH_Preparation', 'HCH_Clipping_Cutting', 'CA_Irrigation_and_aspiration', 'CA_Hydrodissection', 'CA_Lens_implant_setting-up', 'CZ_Cleaning_Coagulation', 'CA_Viscous_agent_injection', 'GR_Left_pelvic_isolated_lymphadenectomy', 'LH_Suturing'}","{'M2_Calot_Triangle_Dissection', 'M2_Gallbladder_Retraction', 'CZ_Trocar_Placement', 'M2_Preparation', 'CZ_Clipping_Cutting', 'CZ_Gallbladder_Dissection', 'CZ_Calot_Triangle_Dissection', 'M2_Gallbladder_Dissection', 'CZ_Cleaning_Coagulation', 'M2_Clipping_Cutting', 'M2_Trocar_Placement', 'CZ_Preparation', 'M2_Cleaning_Coagulation', 'CZ_Gallbladder_Packaging', 'M2_Gallbladder_Packaging', 'CZ_Gallbladder_Retraction'}",1719342864,checkpoint_000015,True,False,16,52d63_00000,2024-06-25_21-14-24,74.93386769294739,1200.0972635746002,2938761,fb-OMEN-by-HP-45L-Gaming-Desktop-GT22-0xxx,129.69.82.151,1200.0972635746002,16
75.00000113248825,4.265261650085449,3.973534348272076,0.72200006,0.21281023,"{'LH_Transecting_the_Vagina', 'GR_Bladder_neck_reconstruction', 'HCH_Cleaning_Coagulation', 'LH_Dividing_Ligament_and_Peritoneum', 'HC_Exception', 'CZ_Clipping_Cutting', 'GR_Seminal_vesicle_dissection', 'LH_Washing', 'HC_Retroperitoneal_preparation_of_duodenum_and_pancreatic_head', 'CA_Rhexis', 'HCH_Galbladder_Packaging', 'GR_Developing_the_Space_of_Retzius', 'CZ_Preparation', 'HC_General_preparation_and_orientation_in_the_abdomen', 'HC_Retroperitoneal_preparation_towards_lower_pancreatic_border', 'CZ_Gallbladder_Packaging', 'GR_Idle', 'HCH_Calot_Triangle_Dissection', 'CA_Capsule_Polishing', 'GR_Severing_of_the_prostate_from_the_urethra', 'CA_Viscous_agent_removal', 'CZ_Gallbladder_Dissection', 'CZ_Calot_Triangle_Dissection', 'CA_Tonifying_and_antibiotics', 'HC_Mobilization_of_ascending_colon', 'GR_Development_of_the_plane_between_the_prostate_and_rectum', 'CZ_Gallbladder_Retraction', 'CA_Phacoemulsificiation', 'HCH_Preparation', 'HC_Mobilization_of_sigmoid_colon_and_descending_colon', 'GR_Right_pelvic_isolated_lymphadenectomy', 'LH_Specimen_Removal', 'HC_Intra-abdominal_preparation_of_anastomosis', 'HCH_Galbladder_Dissection', 'LH_Preparation', 'HCH_Clipping_Cutting', 'HC_Dissection_of_lymph_nodes_and_blood_vessels_en_bloc', 'CA_Hydrodissection', 'CA_Lens_implant_setting-up', 'CZ_Cleaning_Coagulation', 'CA_Viscous_agent_injection', 'LH_Suturing'}","{'M2_Calot_Triangle_Dissection', 'M2_Gallbladder_Retraction', 'CZ_Trocar_Placement', 'M2_Preparation', 'CZ_Clipping_Cutting', 'CZ_Gallbladder_Dissection', 'CZ_Calot_Triangle_Dissection', 'M2_Gallbladder_Dissection', 'CZ_Cleaning_Coagulation', 'M2_Clipping_Cutting', 'M2_Trocar_Placement', 'CZ_Preparation', 'M2_Cleaning_Coagulation', 'CZ_Gallbladder_Packaging', 'M2_Gallbladder_Packaging', 'CZ_Gallbladder_Retraction'}",1719342939,checkpoint_000016,True,False,17,52d63_00000,2024-06-25_21-15-39,75.03796195983887,1275.135225534439,2938761,fb-OMEN-by-HP-45L-Gaming-Desktop-GT22-0xxx,129.69.82.151,1275.135225534439,17
68.80000121891499,5.359881401062012,4.233599971897075,0.7200001,0.2094984,"{'LH_Transecting_the_Vagina', 'GR_Bladder_neck_reconstruction', 'HCH_Cleaning_Coagulation', 'LH_Dividing_Ligament_and_Peritoneum', 'HC_Exception', 'LH_Dividing_Uterine_Vessels_and_Ligament', 'CZ_Clipping_Cutting', 'GR_Seminal_vesicle_dissection', 'HC_Retroperitoneal_preparation_of_duodenum_and_pancreatic_head', 'CA_Rhexis', 'CZ_Preparation', 'HC_General_preparation_and_orientation_in_the_abdomen', 'HC_Retroperitoneal_preparation_towards_lower_pancreatic_border', 'CZ_Gallbladder_Packaging', 'GR_Idle', 'HC_Creation_of_stoma', 'HCH_Calot_Triangle_Dissection', 'CA_Incision', 'CA_Capsule_Polishing', 'GR_Severing_of_the_prostate_from_the_urethra', 'CA_Viscous_agent_removal', 'HC_Extra-abdominal_preparation_of_anastomosis', 'CZ_Gallbladder_Dissection', 'CZ_Calot_Triangle_Dissection', 'CA_Tonifying_and_antibiotics', 'HC_Mobilization_of_ascending_colon', 'GR_Development_of_the_plane_between_the_prostate_and_rectum', 'CZ_Gallbladder_Retraction', 'CA_Phacoemulsificiation', 'HCH_Galbladder_Retraction', 'HCH_Preparation', 'HC_Mobilization_of_sigmoid_colon_and_descending_colon', 'GR_Right_pelvic_isolated_lymphadenectomy', 'LH_Specimen_Removal', 'HC_Intra-abdominal_preparation_of_anastomosis', 'HCH_Galbladder_Dissection', 'HCH_Clipping_Cutting', 'HC_Dissection_of_lymph_nodes_and_blood_vessels_en_bloc', 'CA_Lens_implant_setting-up', 'HC_Dissection_and_resection_of_the_rectum', 'CZ_Cleaning_Coagulation', 'GR_Left_pelvic_isolated_lymphadenectomy', 'LH_Suturing'}","{'M2_Calot_Triangle_Dissection', 'M2_Gallbladder_Retraction', 'CZ_Trocar_Placement', 'M2_Preparation', 'CZ_Clipping_Cutting', 'CZ_Gallbladder_Dissection', 'CZ_Calot_Triangle_Dissection', 'M2_Gallbladder_Dissection', 'CZ_Cleaning_Coagulation', 'M2_Clipping_Cutting', 'M2_Trocar_Placement', 'CZ_Preparation', 'M2_Cleaning_Coagulation', 'CZ_Gallbladder_Packaging', 'M2_Gallbladder_Packaging', 'CZ_Gallbladder_Retraction'}",1719343014,checkpoint_000017,True,False,18,52d63_00000,2024-06-25_21-16-54,74.93535304069519,1350.0705785751343,2938761,fb-OMEN-by-HP-45L-Gaming-Desktop-GT22-0xxx,129.69.82.151,1350.0705785751343,18
72.00000117719173,5.016782760620117,3.8806019484754612,0.756,0.205081,"{'LH_Transecting_the_Vagina', 'GR_Bladder_neck_reconstruction', 'HCH_Cleaning_Coagulation', 'LH_Dividing_Ligament_and_Peritoneum', 'LH_Dividing_Uterine_Vessels_and_Ligament', 'CZ_Clipping_Cutting', 'GR_Seminal_vesicle_dissection', 'LH_Washing', 'HC_Retroperitoneal_preparation_of_duodenum_and_pancreatic_head', 'HCH_Galbladder_Packaging', 'CZ_Preparation', 'HC_General_preparation_and_orientation_in_the_abdomen', 'HC_Mobilization_of_splenic_flexure', 'HC_Finalization_of_operation', 'CZ_Gallbladder_Packaging', 'GR_Idle', 'HC_Creation_of_stoma', 'HC_Mobilization_of_transverse_colon', 'HCH_Calot_Triangle_Dissection', 'CA_Incision', 'CA_Capsule_Polishing', 'GR_Severing_of_the_prostate_from_the_urethra', 'CZ_Gallbladder_Dissection', 'CZ_Calot_Triangle_Dissection', 'CA_Tonifying_and_antibiotics', 'GR_Development_of_the_plane_between_the_prostate_and_rectum', 'CZ_Gallbladder_Retraction', 'GR_Ligation_of_the_deep_dorsal_venous_complex', 'CA_Phacoemulsificiation', 'HCH_Galbladder_Retraction', 'GR_Bladder_neck_identification_and_transection', 'HCH_Preparation', 'GR_Right_pelvic_isolated_lymphadenectomy', 'LH_Specimen_Removal', 'HC_Intra-abdominal_preparation_of_anastomosis', 'HCH_Galbladder_Dissection', 'LH_Preparation', 'HCH_Clipping_Cutting', 'CA_Irrigation_and_aspiration', 'HC_Dissection_of_lymph_nodes_and_blood_vessels_en_bloc', 'CA_Hydrodissection', 'CA_Lens_implant_setting-up', 'GR_Prostatic_pedicle_control', 'HC_Dissection_and_resection_of_the_rectum', 'CZ_Cleaning_Coagulation', 'CA_Viscous_agent_injection', 'GR_Left_pelvic_isolated_lymphadenectomy', 'LH_Suturing'}","{'M2_Calot_Triangle_Dissection', 'M2_Gallbladder_Retraction', 'CZ_Trocar_Placement', 'M2_Preparation', 'CZ_Clipping_Cutting', 'CZ_Gallbladder_Dissection', 'CZ_Calot_Triangle_Dissection', 'M2_Gallbladder_Dissection', 'CZ_Cleaning_Coagulation', 'M2_Clipping_Cutting', 'M2_Trocar_Placement', 'CZ_Preparation', 'M2_Cleaning_Coagulation', 'CZ_Gallbladder_Packaging', 'M2_Gallbladder_Packaging', 'CZ_Gallbladder_Retraction'}",1719343089,checkpoint_000018,True,False,19,52d63_00000,2024-06-25_21-18-09,75.08766150474548,1425.1582400798798,2938761,fb-OMEN-by-HP-45L-Gaming-Desktop-GT22-0xxx,129.69.82.151,1425.1582400798798,19
72.60000133514404,4.605042457580566,3.7045554507735092,0.808,0.16204153,"{'LH_Transecting_the_Vagina', 'HCH_Cleaning_Coagulation', 'LH_Dividing_Ligament_and_Peritoneum', 'LH_Dividing_Uterine_Vessels_and_Ligament', 'CZ_Clipping_Cutting', 'HCH_Galbladder_Packaging', 'GR_Developing_the_Space_of_Retzius', 'HC_Finalization_of_operation', 'HC_Mobilization_of_splenic_flexure', 'HC_Retroperitoneal_preparation_towards_lower_pancreatic_border', 'CZ_Gallbladder_Packaging', 'GR_Idle', 'HC_Mobilization_of_transverse_colon', 'HCH_Calot_Triangle_Dissection', 'CA_Incision', 'CA_Capsule_Polishing', 'CA_Viscous_agent_removal', 'HC_Extra-abdominal_preparation_of_anastomosis', 'CZ_Gallbladder_Dissection', 'CZ_Calot_Triangle_Dissection', 'CA_Tonifying_and_antibiotics', 'HC_Mobilization_of_ascending_colon', 'GR_Development_of_the_plane_between_the_prostate_and_rectum', 'CZ_Gallbladder_Retraction', 'GR_Ligation_of_the_deep_dorsal_venous_complex', 'CA_Phacoemulsificiation', 'HCH_Galbladder_Retraction', 'GR_Bladder_neck_identification_and_transection', 'HCH_Preparation', 'LH_Specimen_Removal', 'HC_Intra-abdominal_preparation_of_anastomosis', 'HCH_Galbladder_Dissection', 'LH_Preparation', 'HCH_Clipping_Cutting', 'CA_Irrigation_and_aspiration', 'HC_Dissection_of_lymph_nodes_and_blood_vessels_en_bloc', 'CA_Hydrodissection', 'CA_Lens_implant_setting-up', 'HC_Dissection_and_resection_of_the_rectum', 'CZ_Cleaning_Coagulation', 'CA_Viscous_agent_injection', 'GR_Left_pelvic_isolated_lymphadenectomy', 'LH_Suturing'}","{'M2_Calot_Triangle_Dissection', 'M2_Gallbladder_Retraction', 'CZ_Trocar_Placement', 'M2_Preparation', 'CZ_Clipping_Cutting', 'CZ_Gallbladder_Dissection', 'CZ_Calot_Triangle_Dissection', 'M2_Gallbladder_Dissection', 'CZ_Cleaning_Coagulation', 'M2_Clipping_Cutting', 'M2_Trocar_Placement', 'CZ_Preparation', 'M2_Cleaning_Coagulation', 'CZ_Gallbladder_Packaging', 'M2_Gallbladder_Packaging', 'CZ_Gallbladder_Retraction'}",1719343164,checkpoint_000019,True,False,20,52d63_00000,2024-06-25_21-19-25,75.01982998847961,1500.1780700683594,2938761,fb-OMEN-by-HP-45L-Gaming-Desktop-GT22-0xxx,129.69.82.151,1500.1780700683594,20
69.0000014603138,4.705292224884033,3.202666332995964,0.78,0.18686718,"{'LH_Transecting_the_Vagina', 'GR_Bladder_neck_reconstruction', 'HCH_Cleaning_Coagulation', 'LH_Dividing_Ligament_and_Peritoneum', 'HC_Exception', 'LH_Dividing_Uterine_Vessels_and_Ligament', 'CZ_Clipping_Cutting', 'GR_Seminal_vesicle_dissection', 'LH_Washing', 'HC_Retroperitoneal_preparation_of_duodenum_and_pancreatic_head', 'CA_Rhexis', 'HCH_Galbladder_Packaging', 'GR_Developing_the_Space_of_Retzius', 'CZ_Preparation', 'HC_Mobilization_of_splenic_flexure', 'HC_General_preparation_and_orientation_in_the_abdomen', 'HC_Retroperitoneal_preparation_towards_lower_pancreatic_border', 'HC_Finalization_of_operation', 'CZ_Gallbladder_Packaging', 'GR_Idle', 'HC_Mobilization_of_transverse_colon', 'HCH_Calot_Triangle_Dissection', 'CA_Incision', 'CA_Capsule_Polishing', 'GR_Severing_of_the_prostate_from_the_urethra', 'CA_Viscous_agent_removal', 'CZ_Gallbladder_Dissection', 'CZ_Calot_Triangle_Dissection', 'CA_Tonifying_and_antibiotics', 'HC_Mobilization_of_ascending_colon', 'CZ_Gallbladder_Retraction', 'GR_Ligation_of_the_deep_dorsal_venous_complex', 'CA_Phacoemulsificiation', 'HCH_Galbladder_Retraction', 'GR_Bladder_neck_identification_and_transection', 'HCH_Preparation', 'HC_Mobilization_of_sigmoid_colon_and_descending_colon', 'GR_Right_pelvic_isolated_lymphadenectomy', 'LH_Specimen_Removal', 'HCH_Galbladder_Dissection', 'LH_Preparation', 'HCH_Clipping_Cutting', 'CA_Irrigation_and_aspiration', 'CA_Lens_implant_setting-up', 'GR_Prostatic_pedicle_control', 'CZ_Cleaning_Coagulation', 'CA_Viscous_agent_injection', 'GR_Left_pelvic_isolated_lymphadenectomy', 'LH_Suturing'}","{'M2_Calot_Triangle_Dissection', 'M2_Gallbladder_Retraction', 'CZ_Trocar_Placement', 'M2_Preparation', 'CZ_Clipping_Cutting', 'CZ_Gallbladder_Dissection', 'CZ_Calot_Triangle_Dissection', 'M2_Gallbladder_Dissection', 'CZ_Cleaning_Coagulation', 'M2_Clipping_Cutting', 'M2_Trocar_Placement', 'CZ_Preparation', 'M2_Cleaning_Coagulation', 'CZ_Gallbladder_Packaging', 'M2_Gallbladder_Packaging', 'CZ_Gallbladder_Retraction'}",1719343239,checkpoint_000020,True,False,21,52d63_00000,2024-06-25_21-20-40,75.01519918441772,1575.193269252777,2938761,fb-OMEN-by-HP-45L-Gaming-Desktop-GT22-0xxx,129.69.82.151,1575.193269252777,21
71.00000137090683,4.7982635498046875,3.3891567509502343,0.762,0.18891911,"{'LH_Transecting_the_Vagina', 'GR_Bladder_neck_reconstruction', 'HCH_Cleaning_Coagulation', 'LH_Dividing_Ligament_and_Peritoneum', 'HC_Exception', 'LH_Dividing_Uterine_Vessels_and_Ligament', 'CZ_Clipping_Cutting', 'GR_Seminal_vesicle_dissection', 'LH_Washing', 'HC_Retroperitoneal_preparation_of_duodenum_and_pancreatic_head', 'HCH_Galbladder_Packaging', 'GR_Developing_the_Space_of_Retzius', 'CZ_Preparation', 'HC_Finalization_of_operation', 'GR_Idle', 'HC_Creation_of_stoma', 'HC_Mobilization_of_transverse_colon', 'HCH_Calot_Triangle_Dissection', 'CA_Incision', 'CA_Capsule_Polishing', 'GR_Severing_of_the_prostate_from_the_urethra', 'CZ_Gallbladder_Dissection', 'CZ_Calot_Triangle_Dissection', 'CA_Tonifying_and_antibiotics', 'GR_Development_of_the_plane_between_the_prostate_and_rectum', 'CZ_Gallbladder_Retraction', 'GR_Ligation_of_the_deep_dorsal_venous_complex', 'CA_Phacoemulsificiation', 'HCH_Galbladder_Retraction', 'HCH_Preparation', 'GR_Right_pelvic_isolated_lymphadenectomy', 'LH_Specimen_Removal', 'HC_Intra-abdominal_preparation_of_anastomosis', 'HCH_Galbladder_Dissection', 'LH_Preparation', 'HCH_Clipping_Cutting', 'CA_Irrigation_and_aspiration', 'CA_Hydrodissection', 'CA_Lens_implant_setting-up', 'GR_Prostatic_pedicle_control', 'HC_Dissection_and_resection_of_the_rectum', 'CZ_Cleaning_Coagulation', 'CA_Viscous_agent_injection', 'GR_Left_pelvic_isolated_lymphadenectomy', 'LH_Suturing'}","{'M2_Calot_Triangle_Dissection', 'M2_Gallbladder_Retraction', 'CZ_Trocar_Placement', 'M2_Preparation', 'CZ_Clipping_Cutting', 'CZ_Gallbladder_Dissection', 'CZ_Calot_Triangle_Dissection', 'M2_Gallbladder_Dissection', 'CZ_Cleaning_Coagulation', 'M2_Clipping_Cutting', 'M2_Trocar_Placement', 'CZ_Preparation', 'M2_Cleaning_Coagulation', 'CZ_Gallbladder_Packaging', 'M2_Gallbladder_Packaging', 'CZ_Gallbladder_Retraction'}",1719343314,checkpoint_000021,True,False,22,52d63_00000,2024-06-25_21-21-54,74.88388657569885,1650.077155828476,2938761,fb-OMEN-by-HP-45L-Gaming-Desktop-GT22-0xxx,129.69.82.151,1650.077155828476,22
73.60000124573708,5.252103328704834,3.500891318684719,0.78200006,0.1647432,"{'LH_Transecting_the_Vagina', 'GR_Bladder_neck_reconstruction', 'HCH_Cleaning_Coagulation', 'HC_Exception', 'LH_Dividing_Uterine_Vessels_and_Ligament', 'CZ_Clipping_Cutting', 'GR_Seminal_vesicle_dissection', 'LH_Washing', 'HC_Retroperitoneal_preparation_of_duodenum_and_pancreatic_head', 'CA_Rhexis', 'HCH_Galbladder_Packaging', 'HC_Finalization_of_operation', 'HC_General_preparation_and_orientation_in_the_abdomen', 'CZ_Preparation', 'GR_Idle', 'HC_Creation_of_stoma', 'HCH_Calot_Triangle_Dissection', 'CA_Capsule_Polishing', 'CA_Viscous_agent_removal', 'HC_Extra-abdominal_preparation_of_anastomosis', 'CZ_Gallbladder_Dissection', 'CZ_Calot_Triangle_Dissection', 'GR_Development_of_the_plane_between_the_prostate_and_rectum', 'CZ_Gallbladder_Retraction', 'GR_Ligation_of_the_deep_dorsal_venous_complex', 'CA_Phacoemulsificiation', 'HCH_Galbladder_Retraction', 'GR_Bladder_neck_identification_and_transection', 'HCH_Preparation', 'HC_Mobilization_of_sigmoid_colon_and_descending_colon', 'GR_Right_pelvic_isolated_lymphadenectomy', 'LH_Specimen_Removal', 'HC_Intra-abdominal_preparation_of_anastomosis', 'HCH_Galbladder_Dissection', 'LH_Preparation', 'HC_Dissection_of_lymph_nodes_and_blood_vessels_en_bloc', 'CA_Lens_implant_setting-up', 'GR_Prostatic_pedicle_control', 'HC_Dissection_and_resection_of_the_rectum', 'CZ_Cleaning_Coagulation', 'CA_Viscous_agent_injection', 'CA_Irrigation_and_aspiration', 'LH_Suturing'}","{'M2_Calot_Triangle_Dissection', 'M2_Gallbladder_Retraction', 'CZ_Trocar_Placement', 'M2_Preparation', 'CZ_Clipping_Cutting', 'CZ_Gallbladder_Dissection', 'CZ_Calot_Triangle_Dissection', 'M2_Gallbladder_Dissection', 'CZ_Cleaning_Coagulation', 'M2_Clipping_Cutting', 'M2_Trocar_Placement', 'CZ_Preparation', 'M2_Cleaning_Coagulation', 'CZ_Gallbladder_Packaging', 'M2_Gallbladder_Packaging', 'CZ_Gallbladder_Retraction'}",1719343389,checkpoint_000022,True,False,23,52d63_00000,2024-06-25_21-23-10,75.08666491508484,1725.1638207435608,2938761,fb-OMEN-by-HP-45L-Gaming-Desktop-GT22-0xxx,129.69.82.151,1725.1638207435608,23
70.20000120997429,6.186628341674805,4.092412346618986,0.8300001,0.1449389,"{'LH_Transecting_the_Vagina', 'GR_Bladder_neck_reconstruction', 'HCH_Cleaning_Coagulation', 'LH_Dividing_Ligament_and_Peritoneum', 'CZ_Clipping_Cutting', 'GR_Seminal_vesicle_dissection', 'LH_Washing', 'HCH_Galbladder_Packaging', 'HC_Finalization_of_operation', 'HC_Mobilization_of_splenic_flexure', 'CZ_Preparation', 'HC_Retroperitoneal_preparation_towards_lower_pancreatic_border', 'CZ_Gallbladder_Packaging', 'GR_Idle', 'HC_Mobilization_of_transverse_colon', 'HCH_Calot_Triangle_Dissection', 'CA_Capsule_Polishing', 'GR_Severing_of_the_prostate_from_the_urethra', 'CZ_Gallbladder_Dissection', 'CZ_Calot_Triangle_Dissection', 'CA_Tonifying_and_antibiotics', 'GR_Development_of_the_plane_between_the_prostate_and_rectum', 'CZ_Gallbladder_Retraction', 'GR_Ligation_of_the_deep_dorsal_venous_complex', 'CA_Phacoemulsificiation', 'HCH_Galbladder_Retraction', 'GR_Bladder_neck_identification_and_transection', 'HCH_Preparation', 'HC_Mobilization_of_sigmoid_colon_and_descending_colon', 'GR_Right_pelvic_isolated_lymphadenectomy', 'LH_Specimen_Removal', 'HC_Intra-abdominal_preparation_of_anastomosis', 'HCH_Galbladder_Dissection', 'LH_Preparation', 'HCH_Clipping_Cutting', 'CA_Hydrodissection', 'GR_Prostatic_pedicle_control', 'HC_Dissection_and_resection_of_the_rectum', 'CZ_Cleaning_Coagulation', 'CA_Viscous_agent_injection', 'CA_Irrigation_and_aspiration', 'LH_Suturing'}","{'M2_Calot_Triangle_Dissection', 'M2_Gallbladder_Retraction', 'CZ_Trocar_Placement', 'M2_Preparation', 'CZ_Clipping_Cutting', 'CZ_Gallbladder_Dissection', 'CZ_Calot_Triangle_Dissection', 'M2_Gallbladder_Dissection', 'CZ_Cleaning_Coagulation', 'M2_Clipping_Cutting', 'M2_Trocar_Placement', 'CZ_Preparation', 'M2_Cleaning_Coagulation', 'CZ_Gallbladder_Packaging', 'M2_Gallbladder_Packaging', 'CZ_Gallbladder_Retraction'}",1719343464,checkpoint_000023,True,False,24,52d63_00000,2024-06-25_21-24-25,75.14097619056702,1800.3047969341278,2938761,fb-OMEN-by-HP-45L-Gaming-Desktop-GT22-0xxx,129.69.82.151,1800.3047969341278,24
74.40000115334988,5.98062801361084,3.883768483389465,0.8400001,0.14617223,"{'LH_Transecting_the_Vagina', 'GR_Bladder_neck_reconstruction', 'HCH_Cleaning_Coagulation', 'LH_Dividing_Ligament_and_Peritoneum', 'HC_Exception', 'LH_Dividing_Uterine_Vessels_and_Ligament', 'CZ_Clipping_Cutting', 'LH_Washing', 'HC_Retroperitoneal_preparation_of_duodenum_and_pancreatic_head', 'CA_Rhexis', 'HCH_Galbladder_Packaging', 'GR_Developing_the_Space_of_Retzius', 'HC_Finalization_of_operation', 'HC_General_preparation_and_orientation_in_the_abdomen', 'CZ_Preparation', 'HC_Retroperitoneal_preparation_towards_lower_pancreatic_border', 'CZ_Gallbladder_Packaging', 'HC_Mobilization_of_transverse_colon', 'HCH_Calot_Triangle_Dissection', 'CA_Incision', 'GR_Severing_of_the_prostate_from_the_urethra', 'CA_Viscous_agent_removal', 'HC_Extra-abdominal_preparation_of_anastomosis', 'CZ_Gallbladder_Dissection', 'CZ_Calot_Triangle_Dissection', 'CZ_Gallbladder_Retraction', 'GR_Ligation_of_the_deep_dorsal_venous_complex', 'CA_Phacoemulsificiation', 'HCH_Galbladder_Retraction', 'GR_Bladder_neck_identification_and_transection', 'HCH_Preparation', 'HC_Mobilization_of_sigmoid_colon_and_descending_colon', 'HCH_Galbladder_Dissection', 'LH_Preparation', 'HCH_Clipping_Cutting', 'HC_Dissection_of_lymph_nodes_and_blood_vessels_en_bloc', 'CA_Hydrodissection', 'CA_Lens_implant_setting-up', 'CZ_Cleaning_Coagulation', 'CA_Viscous_agent_injection', 'LH_Suturing'}","{'M2_Calot_Triangle_Dissection', 'M2_Gallbladder_Retraction', 'CZ_Trocar_Placement', 'M2_Preparation', 'CZ_Clipping_Cutting', 'CZ_Gallbladder_Dissection', 'CZ_Calot_Triangle_Dissection', 'M2_Gallbladder_Dissection', 'CZ_Cleaning_Coagulation', 'M2_Clipping_Cutting', 'M2_Trocar_Placement', 'CZ_Preparation', 'M2_Cleaning_Coagulation', 'CZ_Gallbladder_Packaging', 'M2_Gallbladder_Packaging', 'CZ_Gallbladder_Retraction'}",1719343539,checkpoint_000024,True,False,25,52d63_00000,2024-06-25_21-25-40,75.00051665306091,1875.3053135871887,2938761,fb-OMEN-by-HP-45L-Gaming-Desktop-GT22-0xxx,129.69.82.151,1875.3053135871887,25
77.20000110566616,4.183435440063477,3.593594553265514,0.77800006,0.18098946,"{'LH_Transecting_the_Vagina', 'GR_Bladder_neck_reconstruction', 'HCH_Cleaning_Coagulation', 'LH_Dividing_Ligament_and_Peritoneum', 'HC_Exception', 'LH_Dividing_Uterine_Vessels_and_Ligament', 'CZ_Clipping_Cutting', 'GR_Seminal_vesicle_dissection', 'LH_Washing', 'HC_Retroperitoneal_preparation_of_duodenum_and_pancreatic_head', 'CA_Rhexis', 'HCH_Galbladder_Packaging', 'GR_Developing_the_Space_of_Retzius', 'CZ_Preparation', 'HC_General_preparation_and_orientation_in_the_abdomen', 'HC_Mobilization_of_splenic_flexure', 'HC_Retroperitoneal_preparation_towards_lower_pancreatic_border', 'HC_Finalization_of_operation', 'CZ_Gallbladder_Packaging', 'HC_Creation_of_stoma', 'HC_Mobilization_of_transverse_colon', 'HCH_Calot_Triangle_Dissection', 'CA_Incision', 'CA_Capsule_Polishing', 'GR_Severing_of_the_prostate_from_the_urethra', 'CA_Viscous_agent_removal', 'HC_Extra-abdominal_preparation_of_anastomosis', 'CZ_Gallbladder_Dissection', 'CZ_Calot_Triangle_Dissection', 'HC_Mobilization_of_ascending_colon', 'GR_Development_of_the_plane_between_the_prostate_and_rectum', 'CZ_Gallbladder_Retraction', 'GR_Ligation_of_the_deep_dorsal_venous_complex', 'CA_Phacoemulsificiation', 'HCH_Galbladder_Retraction', 'GR_Bladder_neck_identification_and_transection', 'HCH_Preparation', 'GR_Right_pelvic_isolated_lymphadenectomy', 'LH_Specimen_Removal', 'HC_Intra-abdominal_preparation_of_anastomosis', 'LH_Preparation', 'HCH_Clipping_Cutting', 'CA_Hydrodissection', 'CA_Lens_implant_setting-up', 'GR_Prostatic_pedicle_control', 'HC_Dissection_and_resection_of_the_rectum', 'CZ_Cleaning_Coagulation', 'CA_Viscous_agent_injection', 'CA_Irrigation_and_aspiration', 'LH_Suturing'}","{'M2_Calot_Triangle_Dissection', 'M2_Gallbladder_Retraction', 'CZ_Trocar_Placement', 'M2_Preparation', 'CZ_Clipping_Cutting', 'CZ_Gallbladder_Dissection', 'CZ_Calot_Triangle_Dissection', 'M2_Gallbladder_Dissection', 'CZ_Cleaning_Coagulation', 'M2_Clipping_Cutting', 'M2_Trocar_Placement', 'CZ_Preparation', 'M2_Cleaning_Coagulation', 'CZ_Gallbladder_Packaging', 'M2_Gallbladder_Packaging', 'CZ_Gallbladder_Retraction'}",1719343614,checkpoint_000025,True,False,26,52d63_00000,2024-06-25_21-26-55,74.97937560081482,1950.2846891880035,2938761,fb-OMEN-by-HP-45L-Gaming-Desktop-GT22-0xxx,129.69.82.151,1950.2846891880035,26
74.20000112056732,4.832269668579102,4.084895715261094,0.7900001,0.16143076,"{'HCH_Cleaning_Coagulation', 'LH_Dividing_Ligament_and_Peritoneum', 'LH_Dividing_Uterine_Vessels_and_Ligament', 'CZ_Clipping_Cutting', 'CA_Rhexis', 'HCH_Galbladder_Packaging', 'GR_Developing_the_Space_of_Retzius', 'CZ_Preparation', 'HC_General_preparation_and_orientation_in_the_abdomen', 'HC_Mobilization_of_splenic_flexure', 'HC_Retroperitoneal_preparation_towards_lower_pancreatic_border', 'CZ_Gallbladder_Packaging', 'GR_Idle', 'HC_Creation_of_stoma', 'HC_Mobilization_of_transverse_colon', 'HCH_Calot_Triangle_Dissection', 'CA_Capsule_Polishing', 'GR_Severing_of_the_prostate_from_the_urethra', 'CA_Viscous_agent_removal', 'HC_Extra-abdominal_preparation_of_anastomosis', 'CZ_Gallbladder_Dissection', 'CZ_Calot_Triangle_Dissection', 'CA_Tonifying_and_antibiotics', 'HC_Mobilization_of_ascending_colon', 'GR_Development_of_the_plane_between_the_prostate_and_rectum', 'GR_Ligation_of_the_deep_dorsal_venous_complex', 'HCH_Galbladder_Retraction', 'GR_Bladder_neck_identification_and_transection', 'HCH_Preparation', 'HC_Mobilization_of_sigmoid_colon_and_descending_colon', 'LH_Specimen_Removal', 'HC_Intra-abdominal_preparation_of_anastomosis', 'HCH_Galbladder_Dissection', 'LH_Preparation', 'HCH_Clipping_Cutting', 'HC_Dissection_of_lymph_nodes_and_blood_vessels_en_bloc', 'CA_Hydrodissection', 'CA_Lens_implant_setting-up', 'GR_Prostatic_pedicle_control', 'GR_Left_pelvic_isolated_lymphadenectomy', 'LH_Suturing'}","{'M2_Calot_Triangle_Dissection', 'M2_Gallbladder_Retraction', 'CZ_Trocar_Placement', 'M2_Preparation', 'CZ_Clipping_Cutting', 'CZ_Gallbladder_Dissection', 'CZ_Calot_Triangle_Dissection', 'M2_Gallbladder_Dissection', 'CZ_Cleaning_Coagulation', 'M2_Clipping_Cutting', 'M2_Trocar_Placement', 'CZ_Preparation', 'M2_Cleaning_Coagulation', 'CZ_Gallbladder_Packaging', 'M2_Gallbladder_Packaging', 'CZ_Gallbladder_Retraction'}",1719343689,checkpoint_000026,True,False,27,52d63_00000,2024-06-25_21-28-10,75.02344131469727,2025.3081305027008,2938761,fb-OMEN-by-HP-45L-Gaming-Desktop-GT22-0xxx,129.69.82.151,2025.3081305027008,27
69.8000011742115,6.154084205627441,4.129790192561557,0.81600004,0.14659415,"{'LH_Transecting_the_Vagina', 'GR_Bladder_neck_reconstruction', 'HCH_Cleaning_Coagulation', 'LH_Dividing_Ligament_and_Peritoneum', 'CZ_Clipping_Cutting', 'GR_Seminal_vesicle_dissection', 'LH_Washing', 'CA_Rhexis', 'HCH_Galbladder_Packaging', 'GR_Developing_the_Space_of_Retzius', 'CZ_Preparation', 'HC_General_preparation_and_orientation_in_the_abdomen', 'CZ_Gallbladder_Packaging', 'GR_Idle', 'HC_Creation_of_stoma', 'HC_Mobilization_of_transverse_colon', 'HCH_Calot_Triangle_Dissection', 'CA_Incision', 'CA_Capsule_Polishing', 'GR_Severing_of_the_prostate_from_the_urethra', 'CA_Viscous_agent_removal', 'HC_Extra-abdominal_preparation_of_anastomosis', 'CZ_Gallbladder_Dissection', 'CZ_Calot_Triangle_Dissection', 'HC_Mobilization_of_ascending_colon', 'GR_Development_of_the_plane_between_the_prostate_and_rectum', 'CZ_Gallbladder_Retraction', 'GR_Ligation_of_the_deep_dorsal_venous_complex', 'CA_Phacoemulsificiation', 'HCH_Galbladder_Retraction', 'GR_Bladder_neck_identification_and_transection', 'HCH_Preparation', 'HC_Mobilization_of_sigmoid_colon_and_descending_colon', 'LH_Specimen_Removal', 'HC_Intra-abdominal_preparation_of_anastomosis', 'HCH_Galbladder_Dissection', 'LH_Preparation', 'HCH_Clipping_Cutting', 'CA_Irrigation_and_aspiration', 'CA_Hydrodissection', 'CA_Lens_implant_setting-up', 'GR_Prostatic_pedicle_control', 'HC_Dissection_and_resection_of_the_rectum', 'CZ_Cleaning_Coagulation', 'CA_Viscous_agent_injection', 'GR_Left_pelvic_isolated_lymphadenectomy', 'LH_Suturing'}","{'M2_Calot_Triangle_Dissection', 'M2_Gallbladder_Retraction', 'CZ_Trocar_Placement', 'M2_Preparation', 'CZ_Clipping_Cutting', 'CZ_Gallbladder_Dissection', 'CZ_Calot_Triangle_Dissection', 'M2_Gallbladder_Dissection', 'CZ_Cleaning_Coagulation', 'M2_Clipping_Cutting', 'M2_Trocar_Placement', 'CZ_Preparation', 'M2_Cleaning_Coagulation', 'CZ_Gallbladder_Packaging', 'M2_Gallbladder_Packaging', 'CZ_Gallbladder_Retraction'}",1719343764,checkpoint_000027,True,False,28,52d63_00000,2024-06-25_21-29-25,74.97746229171753,2100.2855927944183,2938761,fb-OMEN-by-HP-45L-Gaming-Desktop-GT22-0xxx,129.69.82.151,2100.2855927944183,28
72.80000118911266,10.21558666229248,3.821547607205177,0.8540001,0.13025245,"{'LH_Transecting_the_Vagina', 'GR_Bladder_neck_reconstruction', 'HCH_Cleaning_Coagulation', 'LH_Dividing_Ligament_and_Peritoneum', 'LH_Dividing_Uterine_Vessels_and_Ligament', 'CZ_Clipping_Cutting', 'GR_Seminal_vesicle_dissection', 'LH_Washing', 'HC_Retroperitoneal_preparation_of_duodenum_and_pancreatic_head', 'HCH_Galbladder_Packaging', 'CZ_Preparation', 'HC_General_preparation_and_orientation_in_the_abdomen', 'HC_Finalization_of_operation', 'HC_Retroperitoneal_preparation_towards_lower_pancreatic_border', 'CZ_Gallbladder_Packaging', 'GR_Idle', 'HC_Mobilization_of_transverse_colon', 'HCH_Calot_Triangle_Dissection', 'CA_Incision', 'CA_Capsule_Polishing', 'CA_Viscous_agent_removal', 'HC_Extra-abdominal_preparation_of_anastomosis', 'CZ_Gallbladder_Dissection', 'CA_Tonifying_and_antibiotics', 'HC_Mobilization_of_ascending_colon', 'GR_Development_of_the_plane_between_the_prostate_and_rectum', 'CZ_Gallbladder_Retraction', 'GR_Ligation_of_the_deep_dorsal_venous_complex', 'CA_Phacoemulsificiation', 'HCH_Galbladder_Retraction', 'GR_Bladder_neck_identification_and_transection', 'HCH_Preparation', 'HC_Mobilization_of_sigmoid_colon_and_descending_colon', 'LH_Specimen_Removal', 'HCH_Galbladder_Dissection', 'LH_Preparation', 'HCH_Clipping_Cutting', 'HC_Dissection_of_lymph_nodes_and_blood_vessels_en_bloc', 'CA_Hydrodissection', 'GR_Prostatic_pedicle_control', 'CZ_Cleaning_Coagulation', 'CA_Viscous_agent_injection', 'GR_Left_pelvic_isolated_lymphadenectomy', 'LH_Suturing'}","{'M2_Calot_Triangle_Dissection', 'M2_Gallbladder_Retraction', 'CZ_Trocar_Placement', 'M2_Preparation', 'CZ_Clipping_Cutting', 'CZ_Gallbladder_Dissection', 'CZ_Calot_Triangle_Dissection', 'M2_Gallbladder_Dissection', 'CZ_Cleaning_Coagulation', 'M2_Clipping_Cutting', 'M2_Trocar_Placement', 'CZ_Preparation', 'M2_Cleaning_Coagulation', 'CZ_Gallbladder_Packaging', 'M2_Gallbladder_Packaging', 'CZ_Gallbladder_Retraction'}",1719343839,checkpoint_000028,True,False,29,52d63_00000,2024-06-25_21-30-40,74.99421763420105,2175.2798104286194,2938761,fb-OMEN-by-HP-45L-Gaming-Desktop-GT22-0xxx,129.69.82.151,2175.2798104286194,29
72.6000010818243,5.439274311065674,4.135739279505517,0.79800004,0.19941908,"{'LH_Transecting_the_Vagina', 'HCH_Cleaning_Coagulation', 'LH_Dividing_Ligament_and_Peritoneum', 'LH_Dividing_Uterine_Vessels_and_Ligament', 'CZ_Clipping_Cutting', 'GR_Seminal_vesicle_dissection', 'LH_Washing', 'HC_Retroperitoneal_preparation_of_duodenum_and_pancreatic_head', 'CA_Rhexis', 'HCH_Galbladder_Packaging', 'GR_Developing_the_Space_of_Retzius', 'CZ_Preparation', 'HC_General_preparation_and_orientation_in_the_abdomen', 'HC_Mobilization_of_splenic_flexure', 'HC_Retroperitoneal_preparation_towards_lower_pancreatic_border', 'HC_Finalization_of_operation', 'CZ_Gallbladder_Packaging', 'HC_Creation_of_stoma', 'HC_Mobilization_of_transverse_colon', 'HCH_Calot_Triangle_Dissection', 'CA_Capsule_Polishing', 'GR_Severing_of_the_prostate_from_the_urethra', 'HC_Extra-abdominal_preparation_of_anastomosis', 'CZ_Gallbladder_Dissection', 'CZ_Calot_Triangle_Dissection', 'CA_Tonifying_and_antibiotics', 'GR_Development_of_the_plane_between_the_prostate_and_rectum', 'CZ_Gallbladder_Retraction', 'GR_Ligation_of_the_deep_dorsal_venous_complex', 'CA_Phacoemulsificiation', 'HCH_Galbladder_Retraction', 'GR_Bladder_neck_identification_and_transection', 'HCH_Preparation', 'HC_Mobilization_of_sigmoid_colon_and_descending_colon', 'GR_Right_pelvic_isolated_lymphadenectomy', 'LH_Specimen_Removal', 'HC_Intra-abdominal_preparation_of_anastomosis', 'HCH_Galbladder_Dissection', 'LH_Preparation', 'CA_Irrigation_and_aspiration', 'HC_Dissection_of_lymph_nodes_and_blood_vessels_en_bloc', 'CA_Lens_implant_setting-up', 'GR_Prostatic_pedicle_control', 'HC_Dissection_and_resection_of_the_rectum', 'CA_Viscous_agent_injection', 'GR_Left_pelvic_isolated_lymphadenectomy', 'LH_Suturing'}","{'M2_Calot_Triangle_Dissection', 'M2_Gallbladder_Retraction', 'CZ_Trocar_Placement', 'M2_Preparation', 'CZ_Clipping_Cutting', 'CZ_Gallbladder_Dissection', 'CZ_Calot_Triangle_Dissection', 'M2_Gallbladder_Dissection', 'CZ_Cleaning_Coagulation', 'M2_Clipping_Cutting', 'M2_Trocar_Placement', 'CZ_Preparation', 'M2_Cleaning_Coagulation', 'CZ_Gallbladder_Packaging', 'M2_Gallbladder_Packaging', 'CZ_Gallbladder_Retraction'}",1719343914,checkpoint_000029,True,False,30,52d63_00000,2024-06-25_21-31-55,75.10423278808594,2250.3840432167053,2938761,fb-OMEN-by-HP-45L-Gaming-Desktop-GT22-0xxx,129.69.82.151,2250.3840432167053,30
70.80000126361847,4.874368667602539,3.897197610491091,0.79800004,0.1741428,"{'LH_Transecting_the_Vagina', 'GR_Bladder_neck_reconstruction', 'HCH_Cleaning_Coagulation', 'LH_Dividing_Uterine_Vessels_and_Ligament', 'CZ_Clipping_Cutting', 'GR_Seminal_vesicle_dissection', 'LH_Washing', 'HC_Retroperitoneal_preparation_of_duodenum_and_pancreatic_head', 'CA_Rhexis', 'HCH_Galbladder_Packaging', 'GR_Developing_the_Space_of_Retzius', 'CZ_Preparation', 'HC_Mobilization_of_splenic_flexure', 'HC_Finalization_of_operation', 'HC_Retroperitoneal_preparation_towards_lower_pancreatic_border', 'HC_General_preparation_and_orientation_in_the_abdomen', 'CZ_Gallbladder_Packaging', 'GR_Idle', 'HC_Creation_of_stoma', 'HC_Mobilization_of_transverse_colon', 'CA_Incision', 'GR_Severing_of_the_prostate_from_the_urethra', 'CA_Viscous_agent_removal', 'HC_Extra-abdominal_preparation_of_anastomosis', 'CZ_Gallbladder_Dissection', 'CZ_Calot_Triangle_Dissection', 'CA_Tonifying_and_antibiotics', 'HC_Mobilization_of_ascending_colon', 'CZ_Gallbladder_Retraction', 'GR_Ligation_of_the_deep_dorsal_venous_complex', 'HCH_Galbladder_Retraction', 'GR_Bladder_neck_identification_and_transection', 'HCH_Preparation', 'HC_Mobilization_of_sigmoid_colon_and_descending_colon', 'GR_Right_pelvic_isolated_lymphadenectomy', 'HCH_Galbladder_Dissection', 'LH_Preparation', 'HCH_Clipping_Cutting', 'CA_Irrigation_and_aspiration', 'CA_Lens_implant_setting-up', 'GR_Prostatic_pedicle_control', 'HC_Dissection_and_resection_of_the_rectum', 'CZ_Cleaning_Coagulation', 'CA_Viscous_agent_injection', 'GR_Left_pelvic_isolated_lymphadenectomy', 'LH_Suturing'}","{'M2_Calot_Triangle_Dissection', 'M2_Gallbladder_Retraction', 'CZ_Trocar_Placement', 'M2_Preparation', 'CZ_Clipping_Cutting', 'CZ_Gallbladder_Dissection', 'CZ_Calot_Triangle_Dissection', 'M2_Gallbladder_Dissection', 'CZ_Cleaning_Coagulation', 'M2_Clipping_Cutting', 'M2_Trocar_Placement', 'CZ_Preparation', 'M2_Cleaning_Coagulation', 'CZ_Gallbladder_Packaging', 'M2_Gallbladder_Packaging', 'CZ_Gallbladder_Retraction'}",1719343989,checkpoint_000030,True,False,31,52d63_00000,2024-06-25_21-33-10,75.15645575523376,2325.540498971939,2938761,fb-OMEN-by-HP-45L-Gaming-Desktop-GT22-0xxx,129.69.82.151,2325.540498971939,31
76.20000120997429,4.489310264587402,3.403634551361376,0.7680001,0.1872002,"{'LH_Transecting_the_Vagina', 'GR_Bladder_neck_reconstruction', 'HCH_Cleaning_Coagulation', 'LH_Dividing_Ligament_and_Peritoneum', 'HC_Exception', 'LH_Dividing_Uterine_Vessels_and_Ligament', 'CZ_Clipping_Cutting', 'LH_Washing', 'CA_Rhexis', 'GR_Developing_the_Space_of_Retzius', 'CZ_Preparation', 'HC_General_preparation_and_orientation_in_the_abdomen', 'HC_Mobilization_of_splenic_flexure', 'HC_Retroperitoneal_preparation_towards_lower_pancreatic_border', 'HC_Finalization_of_operation', 'CZ_Gallbladder_Packaging', 'HC_Creation_of_stoma', 'HC_Mobilization_of_transverse_colon', 'HCH_Calot_Triangle_Dissection', 'CA_Incision', 'GR_Severing_of_the_prostate_from_the_urethra', 'CA_Viscous_agent_removal', 'HC_Extra-abdominal_preparation_of_anastomosis', 'CZ_Gallbladder_Dissection', 'CZ_Calot_Triangle_Dissection', 'HC_Mobilization_of_ascending_colon', 'GR_Development_of_the_plane_between_the_prostate_and_rectum', 'CZ_Gallbladder_Retraction', 'CA_Phacoemulsificiation', 'HCH_Galbladder_Retraction', 'GR_Bladder_neck_identification_and_transection', 'HCH_Preparation', 'LH_Specimen_Removal', 'HC_Intra-abdominal_preparation_of_anastomosis', 'HCH_Galbladder_Dissection', 'LH_Preparation', 'HCH_Clipping_Cutting', 'CA_Irrigation_and_aspiration', 'HC_Dissection_of_lymph_nodes_and_blood_vessels_en_bloc', 'CA_Hydrodissection', 'CA_Lens_implant_setting-up', 'HC_Dissection_and_resection_of_the_rectum', 'CZ_Cleaning_Coagulation', 'CA_Viscous_agent_injection', 'GR_Left_pelvic_isolated_lymphadenectomy', 'LH_Suturing'}","{'M2_Calot_Triangle_Dissection', 'M2_Gallbladder_Retraction', 'CZ_Trocar_Placement', 'M2_Preparation', 'CZ_Clipping_Cutting', 'CZ_Gallbladder_Dissection', 'CZ_Calot_Triangle_Dissection', 'M2_Gallbladder_Dissection', 'CZ_Cleaning_Coagulation', 'M2_Clipping_Cutting', 'M2_Trocar_Placement', 'CZ_Preparation', 'M2_Cleaning_Coagulation', 'CZ_Gallbladder_Packaging', 'M2_Gallbladder_Packaging', 'CZ_Gallbladder_Retraction'}",1719344065,checkpoint_000031,True,False,32,52d63_00000,2024-06-25_21-34-26,75.48283505439758,2401.0233340263367,2938761,fb-OMEN-by-HP-45L-Gaming-Desktop-GT22-0xxx,129.69.82.151,2401.0233340263367,32
73.40000110864639,5.837430477142334,3.999744786426864,0.7860001,0.16903906,"{'LH_Transecting_the_Vagina', 'GR_Bladder_neck_reconstruction', 'LH_Dividing_Ligament_and_Peritoneum', 'HC_Exception', 'LH_Dividing_Uterine_Vessels_and_Ligament', 'GR_Seminal_vesicle_dissection', 'LH_Washing', 'HC_Retroperitoneal_preparation_of_duodenum_and_pancreatic_head', 'CA_Rhexis', 'HCH_Galbladder_Packaging', 'GR_Developing_the_Space_of_Retzius', 'CZ_Preparation', 'HC_General_preparation_and_orientation_in_the_abdomen', 'CZ_Gallbladder_Packaging', 'GR_Idle', 'HC_Mobilization_of_transverse_colon', 'HCH_Calot_Triangle_Dissection', 'CA_Incision', 'CA_Capsule_Polishing', 'GR_Severing_of_the_prostate_from_the_urethra', 'CA_Viscous_agent_removal', 'HC_Extra-abdominal_preparation_of_anastomosis', 'CZ_Gallbladder_Dissection', 'CZ_Calot_Triangle_Dissection', 'HC_Mobilization_of_ascending_colon', 'GR_Development_of_the_plane_between_the_prostate_and_rectum', 'GR_Ligation_of_the_deep_dorsal_venous_complex', 'GR_Bladder_neck_identification_and_transection', 'HCH_Preparation', 'HC_Mobilization_of_sigmoid_colon_and_descending_colon', 'GR_Right_pelvic_isolated_lymphadenectomy', 'LH_Specimen_Removal', 'HCH_Galbladder_Dissection', 'LH_Preparation', 'HCH_Clipping_Cutting', 'CA_Irrigation_and_aspiration', 'CA_Hydrodissection', 'CA_Lens_implant_setting-up', 'HC_Dissection_and_resection_of_the_rectum', 'CZ_Cleaning_Coagulation', 'CA_Viscous_agent_injection', 'GR_Left_pelvic_isolated_lymphadenectomy', 'LH_Suturing'}","{'M2_Calot_Triangle_Dissection', 'M2_Gallbladder_Retraction', 'CZ_Trocar_Placement', 'M2_Preparation', 'CZ_Clipping_Cutting', 'CZ_Gallbladder_Dissection', 'CZ_Calot_Triangle_Dissection', 'M2_Gallbladder_Dissection', 'CZ_Cleaning_Coagulation', 'M2_Clipping_Cutting', 'M2_Trocar_Placement', 'CZ_Preparation', 'M2_Cleaning_Coagulation', 'CZ_Gallbladder_Packaging', 'M2_Gallbladder_Packaging', 'CZ_Gallbladder_Retraction'}",1719344140,checkpoint_000032,True,False,33,52d63_00000,2024-06-25_21-35-41,75.14805483818054,2476.171388864517,2938761,fb-OMEN-by-HP-45L-Gaming-Desktop-GT22-0xxx,129.69.82.151,2476.171388864517,33
71.00000125169754,4.865628719329834,4.012019882486386,0.78400004,0.17135656,"{'LH_Transecting_the_Vagina', 'GR_Bladder_neck_reconstruction', 'HCH_Cleaning_Coagulation', 'LH_Dividing_Ligament_and_Peritoneum', 'HC_Exception', 'LH_Dividing_Uterine_Vessels_and_Ligament', 'CZ_Clipping_Cutting', 'GR_Seminal_vesicle_dissection', 'LH_Washing', 'HC_Retroperitoneal_preparation_of_duodenum_and_pancreatic_head', 'HCH_Galbladder_Packaging', 'GR_Developing_the_Space_of_Retzius', 'HC_Finalization_of_operation', 'HC_Retroperitoneal_preparation_towards_lower_pancreatic_border', 'CZ_Gallbladder_Packaging', 'GR_Idle', 'HC_Creation_of_stoma', 'HCH_Calot_Triangle_Dissection', 'CA_Capsule_Polishing', 'CA_Viscous_agent_removal', 'HC_Extra-abdominal_preparation_of_anastomosis', 'CZ_Gallbladder_Dissection', 'CZ_Calot_Triangle_Dissection', 'CA_Tonifying_and_antibiotics', 'HC_Mobilization_of_ascending_colon', 'GR_Development_of_the_plane_between_the_prostate_and_rectum', 'CZ_Gallbladder_Retraction', 'GR_Ligation_of_the_deep_dorsal_venous_complex', 'CA_Phacoemulsificiation', 'HCH_Galbladder_Retraction', 'GR_Bladder_neck_identification_and_transection', 'HCH_Preparation', 'HC_Mobilization_of_sigmoid_colon_and_descending_colon', 'LH_Specimen_Removal', 'HC_Intra-abdominal_preparation_of_anastomosis', 'HCH_Galbladder_Dissection', 'LH_Preparation', 'HCH_Clipping_Cutting', 'CA_Irrigation_and_aspiration', 'HC_Dissection_of_lymph_nodes_and_blood_vessels_en_bloc', 'CA_Hydrodissection', 'CA_Lens_implant_setting-up', 'GR_Prostatic_pedicle_control', 'HC_Dissection_and_resection_of_the_rectum', 'CZ_Cleaning_Coagulation', 'CA_Viscous_agent_injection', 'GR_Left_pelvic_isolated_lymphadenectomy', 'LH_Suturing'}","{'M2_Calot_Triangle_Dissection', 'M2_Gallbladder_Retraction', 'CZ_Trocar_Placement', 'M2_Preparation', 'CZ_Clipping_Cutting', 'CZ_Gallbladder_Dissection', 'CZ_Calot_Triangle_Dissection', 'M2_Gallbladder_Dissection', 'CZ_Cleaning_Coagulation', 'M2_Clipping_Cutting', 'M2_Trocar_Placement', 'CZ_Preparation', 'M2_Cleaning_Coagulation', 'CZ_Gallbladder_Packaging', 'M2_Gallbladder_Packaging', 'CZ_Gallbladder_Retraction'}",1719344215,checkpoint_000033,True,False,34,52d63_00000,2024-06-25_21-36-56,75.4298460483551,2551.6012349128723,2938761,fb-OMEN-by-HP-45L-Gaming-Desktop-GT22-0xxx,129.69.82.151,2551.6012349128723,34
76.40000122785568,3.8641717433929443,3.389383390916316,0.8240001,0.14817256,"{'GR_Bladder_neck_reconstruction', 'HCH_Cleaning_Coagulation', 'LH_Dividing_Ligament_and_Peritoneum', 'HC_Exception', 'CZ_Clipping_Cutting', 'LH_Washing', 'HC_Retroperitoneal_preparation_of_duodenum_and_pancreatic_head', 'CA_Rhexis', 'GR_Developing_the_Space_of_Retzius', 'HC_Finalization_of_operation', 'HC_General_preparation_and_orientation_in_the_abdomen', 'HC_Mobilization_of_splenic_flexure', 'CZ_Preparation', 'CZ_Gallbladder_Packaging', 'HC_Creation_of_stoma', 'HC_Mobilization_of_transverse_colon', 'CA_Incision', 'CA_Capsule_Polishing', 'GR_Severing_of_the_prostate_from_the_urethra', 'CA_Viscous_agent_removal', 'HC_Extra-abdominal_preparation_of_anastomosis', 'CZ_Gallbladder_Dissection', 'CZ_Calot_Triangle_Dissection', 'CA_Tonifying_and_antibiotics', 'HC_Mobilization_of_ascending_colon', 'GR_Development_of_the_plane_between_the_prostate_and_rectum', 'CZ_Gallbladder_Retraction', 'GR_Ligation_of_the_deep_dorsal_venous_complex', 'CA_Phacoemulsificiation', 'HCH_Galbladder_Retraction', 'GR_Bladder_neck_identification_and_transection', 'HCH_Preparation', 'GR_Right_pelvic_isolated_lymphadenectomy', 'LH_Specimen_Removal', 'HCH_Galbladder_Dissection', 'LH_Preparation', 'HCH_Clipping_Cutting', 'CA_Irrigation_and_aspiration', 'CA_Hydrodissection', 'CA_Lens_implant_setting-up', 'HC_Dissection_and_resection_of_the_rectum', 'CZ_Cleaning_Coagulation', 'CA_Viscous_agent_injection', 'GR_Left_pelvic_isolated_lymphadenectomy', 'LH_Suturing'}","{'M2_Calot_Triangle_Dissection', 'M2_Gallbladder_Retraction', 'CZ_Trocar_Placement', 'M2_Preparation', 'CZ_Clipping_Cutting', 'CZ_Gallbladder_Dissection', 'CZ_Calot_Triangle_Dissection', 'M2_Gallbladder_Dissection', 'CZ_Cleaning_Coagulation', 'M2_Clipping_Cutting', 'M2_Trocar_Placement', 'CZ_Preparation', 'M2_Cleaning_Coagulation', 'CZ_Gallbladder_Packaging', 'M2_Gallbladder_Packaging', 'CZ_Gallbladder_Retraction'}",1719344291,checkpoint_000034,True,False,35,52d63_00000,2024-06-25_21-38-11,74.97392892837524,2626.5751638412476,2938761,fb-OMEN-by-HP-45L-Gaming-Desktop-GT22-0xxx,129.69.82.151,2626.5751638412476,35
76.60000115633011,4.5345282554626465,3.419848873305498,0.81600016,0.14286742,"{'LH_Transecting_the_Vagina', 'GR_Bladder_neck_reconstruction', 'HCH_Cleaning_Coagulation', 'LH_Dividing_Ligament_and_Peritoneum', 'LH_Dividing_Uterine_Vessels_and_Ligament', 'CZ_Clipping_Cutting', 'LH_Washing', 'HC_Retroperitoneal_preparation_of_duodenum_and_pancreatic_head', 'CA_Rhexis', 'HCH_Galbladder_Packaging', 'GR_Developing_the_Space_of_Retzius', 'CZ_Preparation', 'HC_Mobilization_of_splenic_flexure', 'HC_Finalization_of_operation', 'HC_Retroperitoneal_preparation_towards_lower_pancreatic_border', 'CZ_Gallbladder_Packaging', 'GR_Idle', 'HC_Mobilization_of_transverse_colon', 'HCH_Calot_Triangle_Dissection', 'CA_Incision', 'CA_Capsule_Polishing', 'GR_Severing_of_the_prostate_from_the_urethra', 'CA_Viscous_agent_removal', 'HC_Extra-abdominal_preparation_of_anastomosis', 'CZ_Gallbladder_Dissection', 'CZ_Calot_Triangle_Dissection', 'HC_Mobilization_of_ascending_colon', 'GR_Development_of_the_plane_between_the_prostate_and_rectum', 'CZ_Gallbladder_Retraction', 'CA_Phacoemulsificiation', 'HCH_Galbladder_Retraction', 'GR_Bladder_neck_identification_and_transection', 'HCH_Preparation', 'GR_Right_pelvic_isolated_lymphadenectomy', 'HC_Intra-abdominal_preparation_of_anastomosis', 'HCH_Galbladder_Dissection', 'LH_Preparation', 'HCH_Clipping_Cutting', 'CA_Irrigation_and_aspiration', 'HC_Dissection_of_lymph_nodes_and_blood_vessels_en_bloc', 'CA_Hydrodissection', 'CA_Lens_implant_setting-up', 'GR_Prostatic_pedicle_control', 'HC_Dissection_and_resection_of_the_rectum', 'GR_Left_pelvic_isolated_lymphadenectomy', 'LH_Suturing'}","{'M2_Calot_Triangle_Dissection', 'M2_Gallbladder_Retraction', 'CZ_Trocar_Placement', 'M2_Preparation', 'CZ_Clipping_Cutting', 'CZ_Gallbladder_Dissection', 'CZ_Calot_Triangle_Dissection', 'M2_Gallbladder_Dissection', 'CZ_Cleaning_Coagulation', 'M2_Clipping_Cutting', 'M2_Trocar_Placement', 'CZ_Preparation', 'M2_Cleaning_Coagulation', 'CZ_Gallbladder_Packaging', 'M2_Gallbladder_Packaging', 'CZ_Gallbladder_Retraction'}",1719344365,checkpoint_000035,True,False,36,52d63_00000,2024-06-25_21-39-26,74.89196228981018,2701.4671261310577,2938761,fb-OMEN-by-HP-45L-Gaming-Desktop-GT22-0xxx,129.69.82.151,2701.4671261310577,36
70.00000108778477,7.94470739364624,4.12997622870458,0.8580001,0.13737527,"{'LH_Transecting_the_Vagina', 'GR_Bladder_neck_reconstruction', 'HCH_Cleaning_Coagulation', 'LH_Dividing_Ligament_and_Peritoneum', 'HC_Exception', 'CZ_Clipping_Cutting', 'GR_Seminal_vesicle_dissection', 'LH_Washing', 'CA_Rhexis', 'GR_Developing_the_Space_of_Retzius', 'CZ_Preparation', 'HC_Mobilization_of_splenic_flexure', 'HC_General_preparation_and_orientation_in_the_abdomen', 'HC_Retroperitoneal_preparation_towards_lower_pancreatic_border', 'HC_Finalization_of_operation', 'CZ_Gallbladder_Packaging', 'GR_Idle', 'HC_Creation_of_stoma', 'HC_Mobilization_of_transverse_colon', 'HCH_Calot_Triangle_Dissection', 'CA_Incision', 'GR_Severing_of_the_prostate_from_the_urethra', 'CA_Viscous_agent_removal', 'CZ_Gallbladder_Dissection', 'CZ_Calot_Triangle_Dissection', 'CA_Tonifying_and_antibiotics', 'HC_Mobilization_of_ascending_colon', 'CZ_Gallbladder_Retraction', 'GR_Ligation_of_the_deep_dorsal_venous_complex', 'CA_Phacoemulsificiation', 'HCH_Galbladder_Retraction', 'GR_Bladder_neck_identification_and_transection', 'HCH_Preparation', 'LH_Specimen_Removal', 'HC_Intra-abdominal_preparation_of_anastomosis', 'HCH_Galbladder_Dissection', 'LH_Preparation', 'HCH_Clipping_Cutting', 'CA_Irrigation_and_aspiration', 'CA_Hydrodissection', 'CA_Lens_implant_setting-up', 'GR_Prostatic_pedicle_control', 'HC_Dissection_and_resection_of_the_rectum', 'CZ_Cleaning_Coagulation', 'CA_Viscous_agent_injection', 'GR_Left_pelvic_isolated_lymphadenectomy', 'LH_Suturing'}","{'M2_Calot_Triangle_Dissection', 'M2_Gallbladder_Retraction', 'CZ_Trocar_Placement', 'M2_Preparation', 'CZ_Clipping_Cutting', 'CZ_Gallbladder_Dissection', 'CZ_Calot_Triangle_Dissection', 'M2_Gallbladder_Dissection', 'CZ_Cleaning_Coagulation', 'M2_Clipping_Cutting', 'M2_Trocar_Placement', 'CZ_Preparation', 'M2_Cleaning_Coagulation', 'CZ_Gallbladder_Packaging', 'M2_Gallbladder_Packaging', 'CZ_Gallbladder_Retraction'}",1719344440,checkpoint_000036,True,False,37,52d63_00000,2024-06-25_21-40-41,74.94636559486389,2776.4134917259216,2938761,fb-OMEN-by-HP-45L-Gaming-Desktop-GT22-0xxx,129.69.82.151,2776.4134917259216,37
68.20000113546848,7.996815204620361,4.152055389507512,0.832,0.13698521,"{'LH_Transecting_the_Vagina', 'GR_Bladder_neck_reconstruction', 'HCH_Cleaning_Coagulation', 'LH_Dividing_Ligament_and_Peritoneum', 'LH_Dividing_Uterine_Vessels_and_Ligament', 'CZ_Clipping_Cutting', 'GR_Seminal_vesicle_dissection', 'LH_Washing', 'HC_Retroperitoneal_preparation_of_duodenum_and_pancreatic_head', 'CA_Rhexis', 'HCH_Galbladder_Packaging', 'CZ_Preparation', 'HC_General_preparation_and_orientation_in_the_abdomen', 'HC_Mobilization_of_splenic_flexure', 'HC_Retroperitoneal_preparation_towards_lower_pancreatic_border', 'CZ_Gallbladder_Packaging', 'GR_Idle', 'HC_Creation_of_stoma', 'HC_Mobilization_of_transverse_colon', 'HCH_Calot_Triangle_Dissection', 'CA_Incision', 'GR_Severing_of_the_prostate_from_the_urethra', 'CA_Viscous_agent_removal', 'HC_Extra-abdominal_preparation_of_anastomosis', 'CZ_Gallbladder_Dissection', 'CZ_Calot_Triangle_Dissection', 'CA_Tonifying_and_antibiotics', 'GR_Development_of_the_plane_between_the_prostate_and_rectum', 'CZ_Gallbladder_Retraction', 'CA_Phacoemulsificiation', 'GR_Bladder_neck_identification_and_transection', 'HCH_Preparation', 'HC_Mobilization_of_sigmoid_colon_and_descending_colon', 'GR_Right_pelvic_isolated_lymphadenectomy', 'LH_Specimen_Removal', 'HCH_Galbladder_Dissection', 'LH_Preparation', 'HCH_Clipping_Cutting', 'CA_Irrigation_and_aspiration', 'HC_Dissection_of_lymph_nodes_and_blood_vessels_en_bloc', 'CA_Hydrodissection', 'GR_Prostatic_pedicle_control', 'HC_Dissection_and_resection_of_the_rectum', 'CZ_Cleaning_Coagulation', 'CA_Viscous_agent_injection', 'GR_Left_pelvic_isolated_lymphadenectomy', 'LH_Suturing'}","{'M2_Calot_Triangle_Dissection', 'M2_Gallbladder_Retraction', 'CZ_Trocar_Placement', 'M2_Preparation', 'CZ_Clipping_Cutting', 'CZ_Gallbladder_Dissection', 'CZ_Calot_Triangle_Dissection', 'M2_Gallbladder_Dissection', 'CZ_Cleaning_Coagulation', 'M2_Clipping_Cutting', 'M2_Trocar_Placement', 'CZ_Preparation', 'M2_Cleaning_Coagulation', 'CZ_Gallbladder_Packaging', 'M2_Gallbladder_Packaging', 'CZ_Gallbladder_Retraction'}",1719344515,checkpoint_000037,True,False,38,52d63_00000,2024-06-25_21-41-56,74.99084448814392,2851.4043362140656,2938761,fb-OMEN-by-HP-45L-Gaming-Desktop-GT22-0xxx,129.69.82.151,2851.4043362140656,38
72.400001257658,4.080086708068848,3.871880588564603,0.85000014,0.12853494,"{'LH_Transecting_the_Vagina', 'GR_Bladder_neck_reconstruction', 'HCH_Cleaning_Coagulation', 'LH_Dividing_Ligament_and_Peritoneum', 'LH_Dividing_Uterine_Vessels_and_Ligament', 'CZ_Clipping_Cutting', 'GR_Seminal_vesicle_dissection', 'LH_Washing', 'HC_Retroperitoneal_preparation_of_duodenum_and_pancreatic_head', 'CA_Rhexis', 'HCH_Galbladder_Packaging', 'GR_Developing_the_Space_of_Retzius', 'HC_Finalization_of_operation', 'HC_General_preparation_and_orientation_in_the_abdomen', 'HC_Mobilization_of_splenic_flexure', 'HC_Retroperitoneal_preparation_towards_lower_pancreatic_border', 'GR_Idle', 'HC_Creation_of_stoma', 'HCH_Calot_Triangle_Dissection', 'CA_Incision', 'CA_Capsule_Polishing', 'CA_Viscous_agent_removal', 'HC_Extra-abdominal_preparation_of_anastomosis', 'CZ_Gallbladder_Dissection', 'CZ_Calot_Triangle_Dissection', 'CA_Tonifying_and_antibiotics', 'HC_Mobilization_of_ascending_colon', 'GR_Development_of_the_plane_between_the_prostate_and_rectum', 'CZ_Gallbladder_Retraction', 'GR_Ligation_of_the_deep_dorsal_venous_complex', 'CA_Phacoemulsificiation', 'HCH_Galbladder_Retraction', 'GR_Bladder_neck_identification_and_transection', 'HCH_Preparation', 'LH_Specimen_Removal', 'HCH_Galbladder_Dissection', 'LH_Preparation', 'HCH_Clipping_Cutting', 'HC_Dissection_of_lymph_nodes_and_blood_vessels_en_bloc', 'CA_Hydrodissection', 'CA_Lens_implant_setting-up', 'GR_Prostatic_pedicle_control', 'HC_Dissection_and_resection_of_the_rectum', 'CA_Viscous_agent_injection', 'GR_Left_pelvic_isolated_lymphadenectomy', 'LH_Suturing'}","{'M2_Calot_Triangle_Dissection', 'M2_Gallbladder_Retraction', 'CZ_Trocar_Placement', 'M2_Preparation', 'CZ_Clipping_Cutting', 'CZ_Gallbladder_Dissection', 'CZ_Calot_Triangle_Dissection', 'M2_Gallbladder_Dissection', 'CZ_Cleaning_Coagulation', 'M2_Clipping_Cutting', 'M2_Trocar_Placement', 'CZ_Preparation', 'M2_Cleaning_Coagulation', 'CZ_Gallbladder_Packaging', 'M2_Gallbladder_Packaging', 'CZ_Gallbladder_Retraction'}",1719344590,checkpoint_000038,True,False,39,52d63_00000,2024-06-25_21-43-11,75.09739184379578,2926.5017280578613,2938761,fb-OMEN-by-HP-45L-Gaming-Desktop-GT22-0xxx,129.69.82.151,2926.5017280578613,39
74.20000118017197,4.807255744934082,3.7719688679824563,0.8380001,0.13313833,"{'LH_Transecting_the_Vagina', 'GR_Bladder_neck_reconstruction', 'HCH_Cleaning_Coagulation', 'LH_Dividing_Ligament_and_Peritoneum', 'HC_Exception', 'LH_Dividing_Uterine_Vessels_and_Ligament', 'CZ_Clipping_Cutting', 'GR_Seminal_vesicle_dissection', 'LH_Washing', 'CA_Rhexis', 'HCH_Galbladder_Packaging', 'HC_Finalization_of_operation', 'HC_General_preparation_and_orientation_in_the_abdomen', 'HC_Mobilization_of_splenic_flexure', 'CZ_Gallbladder_Packaging', 'HC_Creation_of_stoma', 'HC_Mobilization_of_transverse_colon', 'HCH_Calot_Triangle_Dissection', 'CA_Incision', 'CA_Viscous_agent_removal', 'CZ_Gallbladder_Dissection', 'CZ_Calot_Triangle_Dissection', 'CA_Tonifying_and_antibiotics', 'HC_Mobilization_of_ascending_colon', 'GR_Development_of_the_plane_between_the_prostate_and_rectum', 'CZ_Gallbladder_Retraction', 'CA_Phacoemulsificiation', 'HCH_Galbladder_Retraction', 'GR_Bladder_neck_identification_and_transection', 'GR_Right_pelvic_isolated_lymphadenectomy', 'HC_Mobilization_of_sigmoid_colon_and_descending_colon', 'LH_Specimen_Removal', 'HC_Intra-abdominal_preparation_of_anastomosis', 'HCH_Galbladder_Dissection', 'LH_Preparation', 'HCH_Clipping_Cutting', 'CA_Irrigation_and_aspiration', 'HC_Dissection_of_lymph_nodes_and_blood_vessels_en_bloc', 'CA_Hydrodissection', 'GR_Prostatic_pedicle_control', 'HC_Dissection_and_resection_of_the_rectum', 'CZ_Cleaning_Coagulation', 'CA_Viscous_agent_injection', 'GR_Left_pelvic_isolated_lymphadenectomy', 'LH_Suturing'}","{'M2_Calot_Triangle_Dissection', 'M2_Gallbladder_Retraction', 'CZ_Trocar_Placement', 'M2_Preparation', 'CZ_Clipping_Cutting', 'CZ_Gallbladder_Dissection', 'CZ_Calot_Triangle_Dissection', 'M2_Gallbladder_Dissection', 'CZ_Cleaning_Coagulation', 'M2_Clipping_Cutting', 'M2_Trocar_Placement', 'CZ_Preparation', 'M2_Cleaning_Coagulation', 'CZ_Gallbladder_Packaging', 'M2_Gallbladder_Packaging', 'CZ_Gallbladder_Retraction'}",1719344666,checkpoint_000039,True,False,40,52d63_00000,2024-06-25_21-44-26,75.1521348953247,3001.653862953186,2938761,fb-OMEN-by-HP-45L-Gaming-Desktop-GT22-0xxx,129.69.82.151,3001.653862953186,40
79.40000104904175,3.476898670196533,3.569353059385152,0.8680002,0.12849587,"{'LH_Transecting_the_Vagina', 'GR_Bladder_neck_reconstruction', 'HCH_Cleaning_Coagulation', 'LH_Dividing_Ligament_and_Peritoneum', 'HC_Exception', 'LH_Dividing_Uterine_Vessels_and_Ligament', 'GR_Seminal_vesicle_dissection', 'CA_Rhexis', 'HCH_Galbladder_Packaging', 'GR_Developing_the_Space_of_Retzius', 'CZ_Preparation', 'HC_General_preparation_and_orientation_in_the_abdomen', 'HC_Mobilization_of_splenic_flexure', 'HC_Retroperitoneal_preparation_towards_lower_pancreatic_border', 'HC_Finalization_of_operation', 'CZ_Gallbladder_Packaging', 'HC_Creation_of_stoma', 'HCH_Calot_Triangle_Dissection', 'CA_Capsule_Polishing', 'GR_Severing_of_the_prostate_from_the_urethra', 'HC_Extra-abdominal_preparation_of_anastomosis', 'CZ_Gallbladder_Dissection', 'CZ_Calot_Triangle_Dissection', 'CA_Tonifying_and_antibiotics', 'HC_Mobilization_of_ascending_colon', 'GR_Development_of_the_plane_between_the_prostate_and_rectum', 'CZ_Gallbladder_Retraction', 'GR_Ligation_of_the_deep_dorsal_venous_complex', 'CA_Phacoemulsificiation', 'HCH_Galbladder_Retraction', 'GR_Bladder_neck_identification_and_transection', 'HCH_Preparation', 'HC_Mobilization_of_sigmoid_colon_and_descending_colon', 'GR_Right_pelvic_isolated_lymphadenectomy', 'LH_Specimen_Removal', 'HC_Intra-abdominal_preparation_of_anastomosis', 'HCH_Galbladder_Dissection', 'LH_Preparation', 'HCH_Clipping_Cutting', 'CA_Irrigation_and_aspiration', 'HC_Dissection_of_lymph_nodes_and_blood_vessels_en_bloc', 'CA_Hydrodissection', 'CA_Lens_implant_setting-up', 'HC_Dissection_and_resection_of_the_rectum', 'CA_Viscous_agent_injection', 'GR_Left_pelvic_isolated_lymphadenectomy', 'LH_Suturing'}","{'M2_Calot_Triangle_Dissection', 'M2_Gallbladder_Retraction', 'CZ_Trocar_Placement', 'M2_Preparation', 'CZ_Clipping_Cutting', 'CZ_Gallbladder_Dissection', 'CZ_Calot_Triangle_Dissection', 'M2_Gallbladder_Dissection', 'CZ_Cleaning_Coagulation', 'M2_Clipping_Cutting', 'M2_Trocar_Placement', 'CZ_Preparation', 'M2_Cleaning_Coagulation', 'CZ_Gallbladder_Packaging', 'M2_Gallbladder_Packaging', 'CZ_Gallbladder_Retraction'}",1719344741,checkpoint_000040,True,False,41,52d63_00000,2024-06-25_21-45-41,75.19913387298584,3076.852996826172,2938761,fb-OMEN-by-HP-45L-Gaming-Desktop-GT22-0xxx,129.69.82.151,3076.852996826172,41
73.60000126063824,4.736149311065674,3.630182357066648,0.87000006,0.1159886,"{'LH_Transecting_the_Vagina', 'GR_Bladder_neck_reconstruction', 'HCH_Cleaning_Coagulation', 'LH_Dividing_Ligament_and_Peritoneum', 'HC_Exception', 'LH_Dividing_Uterine_Vessels_and_Ligament', 'CZ_Clipping_Cutting', 'GR_Seminal_vesicle_dissection', 'LH_Washing', 'HC_Retroperitoneal_preparation_of_duodenum_and_pancreatic_head', 'CA_Rhexis', 'HCH_Galbladder_Packaging', 'GR_Developing_the_Space_of_Retzius', 'CZ_Preparation', 'HC_Finalization_of_operation', 'CZ_Gallbladder_Packaging', 'HC_Mobilization_of_transverse_colon', 'HCH_Calot_Triangle_Dissection', 'CA_Incision', 'CA_Capsule_Polishing', 'GR_Severing_of_the_prostate_from_the_urethra', 'CA_Viscous_agent_removal', 'CZ_Gallbladder_Dissection', 'CZ_Calot_Triangle_Dissection', 'CA_Tonifying_and_antibiotics', 'GR_Development_of_the_plane_between_the_prostate_and_rectum', 'CZ_Gallbladder_Retraction', 'GR_Ligation_of_the_deep_dorsal_venous_complex', 'CA_Phacoemulsificiation', 'HCH_Galbladder_Retraction', 'GR_Bladder_neck_identification_and_transection', 'HCH_Preparation', 'GR_Right_pelvic_isolated_lymphadenectomy', 'LH_Specimen_Removal', 'HC_Intra-abdominal_preparation_of_anastomosis', 'HCH_Galbladder_Dissection', 'LH_Preparation', 'HCH_Clipping_Cutting', 'CA_Hydrodissection', 'CA_Lens_implant_setting-up', 'GR_Prostatic_pedicle_control', 'CZ_Cleaning_Coagulation', 'CA_Viscous_agent_injection', 'CA_Irrigation_and_aspiration', 'LH_Suturing'}","{'M2_Calot_Triangle_Dissection', 'M2_Gallbladder_Retraction', 'CZ_Trocar_Placement', 'M2_Preparation', 'CZ_Clipping_Cutting', 'CZ_Gallbladder_Dissection', 'CZ_Calot_Triangle_Dissection', 'M2_Gallbladder_Dissection', 'CZ_Cleaning_Coagulation', 'M2_Clipping_Cutting', 'M2_Trocar_Placement', 'CZ_Preparation', 'M2_Cleaning_Coagulation', 'CZ_Gallbladder_Packaging', 'M2_Gallbladder_Packaging', 'CZ_Gallbladder_Retraction'}",1719344816,checkpoint_000041,True,False,42,52d63_00000,2024-06-25_21-46-57,75.12205791473389,3151.9750547409058,2938761,fb-OMEN-by-HP-45L-Gaming-Desktop-GT22-0xxx,129.69.82.151,3151.9750547409058,42
75.0000010728836,5.378870010375977,4.0120198579450825,0.84200007,0.12813026,"{'HCH_Cleaning_Coagulation', 'LH_Dividing_Ligament_and_Peritoneum', 'HC_Exception', 'LH_Dividing_Uterine_Vessels_and_Ligament', 'LH_Washing', 'HC_Retroperitoneal_preparation_of_duodenum_and_pancreatic_head', 'HCH_Galbladder_Packaging', 'GR_Developing_the_Space_of_Retzius', 'HC_Finalization_of_operation', 'HC_General_preparation_and_orientation_in_the_abdomen', 'HC_Mobilization_of_splenic_flexure', 'HC_Retroperitoneal_preparation_towards_lower_pancreatic_border', 'CZ_Gallbladder_Packaging', 'GR_Idle', 'HC_Creation_of_stoma', 'HCH_Calot_Triangle_Dissection', 'CA_Incision', 'CA_Capsule_Polishing', 'GR_Severing_of_the_prostate_from_the_urethra', 'CA_Viscous_agent_removal', 'HC_Extra-abdominal_preparation_of_anastomosis', 'CZ_Gallbladder_Dissection', 'CZ_Calot_Triangle_Dissection', 'CA_Tonifying_and_antibiotics', 'HC_Mobilization_of_ascending_colon', 'GR_Development_of_the_plane_between_the_prostate_and_rectum', 'CZ_Gallbladder_Retraction', 'GR_Ligation_of_the_deep_dorsal_venous_complex', 'CA_Phacoemulsificiation', 'HCH_Galbladder_Retraction', 'HCH_Preparation', 'HC_Mobilization_of_sigmoid_colon_and_descending_colon', 'GR_Right_pelvic_isolated_lymphadenectomy', 'LH_Specimen_Removal', 'HCH_Galbladder_Dissection', 'LH_Preparation', 'HCH_Clipping_Cutting', 'CA_Irrigation_and_aspiration', 'CA_Hydrodissection', 'CA_Lens_implant_setting-up', 'CZ_Cleaning_Coagulation', 'CA_Viscous_agent_injection', 'GR_Left_pelvic_isolated_lymphadenectomy', 'LH_Suturing'}","{'M2_Calot_Triangle_Dissection', 'M2_Gallbladder_Retraction', 'CZ_Trocar_Placement', 'M2_Preparation', 'CZ_Clipping_Cutting', 'CZ_Gallbladder_Dissection', 'CZ_Calot_Triangle_Dissection', 'M2_Gallbladder_Dissection', 'CZ_Cleaning_Coagulation', 'M2_Clipping_Cutting', 'M2_Trocar_Placement', 'CZ_Preparation', 'M2_Cleaning_Coagulation', 'CZ_Gallbladder_Packaging', 'M2_Gallbladder_Packaging', 'CZ_Gallbladder_Retraction'}",1719344891,checkpoint_000042,True,False,43,52d63_00000,2024-06-25_21-48-12,74.94417929649353,3226.9192340373993,2938761,fb-OMEN-by-HP-45L-Gaming-Desktop-GT22-0xxx,129.69.82.151,3226.9192340373993,43
74.00000117719173,3.7868008613586426,3.6981205242026136,0.84200007,0.11709725,"{'LH_Transecting_the_Vagina', 'GR_Bladder_neck_reconstruction', 'HCH_Cleaning_Coagulation', 'LH_Dividing_Ligament_and_Peritoneum', 'LH_Dividing_Uterine_Vessels_and_Ligament', 'CZ_Clipping_Cutting', 'GR_Seminal_vesicle_dissection', 'LH_Washing', 'HC_Retroperitoneal_preparation_of_duodenum_and_pancreatic_head', 'CA_Rhexis', 'HCH_Galbladder_Packaging', 'GR_Developing_the_Space_of_Retzius', 'CZ_Preparation', 'HC_General_preparation_and_orientation_in_the_abdomen', 'CZ_Gallbladder_Packaging', 'HC_Creation_of_stoma', 'HCH_Calot_Triangle_Dissection', 'CA_Incision', 'CA_Capsule_Polishing', 'HC_Extra-abdominal_preparation_of_anastomosis', 'CZ_Gallbladder_Dissection', 'CZ_Calot_Triangle_Dissection', 'CA_Tonifying_and_antibiotics', 'HC_Mobilization_of_ascending_colon', 'GR_Development_of_the_plane_between_the_prostate_and_rectum', 'CZ_Gallbladder_Retraction', 'CA_Phacoemulsificiation', 'HCH_Galbladder_Retraction', 'GR_Bladder_neck_identification_and_transection', 'HCH_Preparation', 'HC_Mobilization_of_sigmoid_colon_and_descending_colon', 'GR_Right_pelvic_isolated_lymphadenectomy', 'LH_Specimen_Removal', 'HC_Intra-abdominal_preparation_of_anastomosis', 'HCH_Galbladder_Dissection', 'LH_Preparation', 'HCH_Clipping_Cutting', 'HC_Dissection_of_lymph_nodes_and_blood_vessels_en_bloc', 'CA_Hydrodissection', 'GR_Prostatic_pedicle_control', 'CZ_Cleaning_Coagulation', 'CA_Viscous_agent_injection', 'CA_Irrigation_and_aspiration', 'LH_Suturing'}","{'M2_Calot_Triangle_Dissection', 'M2_Gallbladder_Retraction', 'CZ_Trocar_Placement', 'M2_Preparation', 'CZ_Clipping_Cutting', 'CZ_Gallbladder_Dissection', 'CZ_Calot_Triangle_Dissection', 'M2_Gallbladder_Dissection', 'CZ_Cleaning_Coagulation', 'M2_Clipping_Cutting', 'M2_Trocar_Placement', 'CZ_Preparation', 'M2_Cleaning_Coagulation', 'CZ_Gallbladder_Packaging', 'M2_Gallbladder_Packaging', 'CZ_Gallbladder_Retraction'}",1719344966,checkpoint_000043,True,False,44,52d63_00000,2024-06-25_21-49-27,75.28932619094849,3302.208560228348,2938761,fb-OMEN-by-HP-45L-Gaming-Desktop-GT22-0xxx,129.69.82.151,3302.208560228348,44
79.200001090765,3.5398335456848145,3.2759567960298126,0.86800003,0.1187368,"{'LH_Transecting_the_Vagina', 'GR_Bladder_neck_reconstruction', 'HCH_Cleaning_Coagulation', 'LH_Dividing_Ligament_and_Peritoneum', 'LH_Dividing_Uterine_Vessels_and_Ligament', 'CZ_Clipping_Cutting', 'GR_Seminal_vesicle_dissection', 'LH_Washing', 'HC_Retroperitoneal_preparation_of_duodenum_and_pancreatic_head', 'CA_Rhexis', 'HCH_Galbladder_Packaging', 'GR_Developing_the_Space_of_Retzius', 'CZ_Preparation', 'HC_Finalization_of_operation', 'HC_Retroperitoneal_preparation_towards_lower_pancreatic_border', 'CZ_Gallbladder_Packaging', 'GR_Idle', 'HC_Mobilization_of_transverse_colon', 'HCH_Calot_Triangle_Dissection', 'CA_Capsule_Polishing', 'GR_Severing_of_the_prostate_from_the_urethra', 'CA_Viscous_agent_removal', 'CZ_Gallbladder_Dissection', 'CZ_Calot_Triangle_Dissection', 'CA_Tonifying_and_antibiotics', 'HC_Mobilization_of_ascending_colon', 'GR_Development_of_the_plane_between_the_prostate_and_rectum', 'CZ_Gallbladder_Retraction', 'GR_Ligation_of_the_deep_dorsal_venous_complex', 'CA_Phacoemulsificiation', 'GR_Bladder_neck_identification_and_transection', 'HCH_Preparation', 'HC_Mobilization_of_sigmoid_colon_and_descending_colon', 'GR_Right_pelvic_isolated_lymphadenectomy', 'LH_Specimen_Removal', 'HC_Intra-abdominal_preparation_of_anastomosis', 'HCH_Galbladder_Dissection', 'HCH_Clipping_Cutting', 'CA_Irrigation_and_aspiration', 'HC_Dissection_of_lymph_nodes_and_blood_vessels_en_bloc', 'CA_Hydrodissection', 'CA_Lens_implant_setting-up', 'GR_Prostatic_pedicle_control', 'HC_Dissection_and_resection_of_the_rectum', 'CZ_Cleaning_Coagulation', 'GR_Left_pelvic_isolated_lymphadenectomy', 'LH_Suturing'}","{'M2_Calot_Triangle_Dissection', 'M2_Gallbladder_Retraction', 'CZ_Trocar_Placement', 'M2_Preparation', 'CZ_Clipping_Cutting', 'CZ_Gallbladder_Dissection', 'CZ_Calot_Triangle_Dissection', 'M2_Gallbladder_Dissection', 'CZ_Cleaning_Coagulation', 'M2_Clipping_Cutting', 'M2_Trocar_Placement', 'CZ_Preparation', 'M2_Cleaning_Coagulation', 'CZ_Gallbladder_Packaging', 'M2_Gallbladder_Packaging', 'CZ_Gallbladder_Retraction'}",1719345042,checkpoint_000044,True,False,45,52d63_00000,2024-06-25_21-50-42,75.25327825546265,3377.4618384838104,2938761,fb-OMEN-by-HP-45L-Gaming-Desktop-GT22-0xxx,129.69.82.151,3377.4618384838104,45
76.80000118911266,3.8768486976623535,3.404763045276931,0.87000006,0.10999839,"{'LH_Transecting_the_Vagina', 'GR_Bladder_neck_reconstruction', 'HCH_Cleaning_Coagulation', 'HC_Exception', 'LH_Dividing_Uterine_Vessels_and_Ligament', 'CZ_Clipping_Cutting', 'GR_Seminal_vesicle_dissection', 'HC_Retroperitoneal_preparation_of_duodenum_and_pancreatic_head', 'CA_Rhexis', 'HCH_Galbladder_Packaging', 'GR_Developing_the_Space_of_Retzius', 'CZ_Preparation', 'HC_General_preparation_and_orientation_in_the_abdomen', 'HC_Finalization_of_operation', 'HC_Retroperitoneal_preparation_towards_lower_pancreatic_border', 'CZ_Gallbladder_Packaging', 'GR_Idle', 'HC_Creation_of_stoma', 'HC_Mobilization_of_transverse_colon', 'HCH_Calot_Triangle_Dissection', 'GR_Severing_of_the_prostate_from_the_urethra', 'CA_Viscous_agent_removal', 'HC_Extra-abdominal_preparation_of_anastomosis', 'CZ_Calot_Triangle_Dissection', 'CA_Tonifying_and_antibiotics', 'HC_Mobilization_of_ascending_colon', 'GR_Development_of_the_plane_between_the_prostate_and_rectum', 'CZ_Gallbladder_Retraction', 'GR_Ligation_of_the_deep_dorsal_venous_complex', 'CA_Phacoemulsificiation', 'HCH_Galbladder_Retraction', 'GR_Bladder_neck_identification_and_transection', 'HCH_Preparation', 'GR_Right_pelvic_isolated_lymphadenectomy', 'LH_Specimen_Removal', 'HC_Intra-abdominal_preparation_of_anastomosis', 'HCH_Galbladder_Dissection', 'LH_Preparation', 'HCH_Clipping_Cutting', 'CA_Irrigation_and_aspiration', 'HC_Dissection_of_lymph_nodes_and_blood_vessels_en_bloc', 'CA_Hydrodissection', 'CA_Lens_implant_setting-up', 'GR_Prostatic_pedicle_control', 'HC_Dissection_and_resection_of_the_rectum', 'CZ_Cleaning_Coagulation', 'CA_Viscous_agent_injection', 'GR_Left_pelvic_isolated_lymphadenectomy'}","{'M2_Calot_Triangle_Dissection', 'M2_Gallbladder_Retraction', 'CZ_Trocar_Placement', 'M2_Preparation', 'CZ_Clipping_Cutting', 'CZ_Gallbladder_Dissection', 'CZ_Calot_Triangle_Dissection', 'M2_Gallbladder_Dissection', 'CZ_Cleaning_Coagulation', 'M2_Clipping_Cutting', 'M2_Trocar_Placement', 'CZ_Preparation', 'M2_Cleaning_Coagulation', 'CZ_Gallbladder_Packaging', 'M2_Gallbladder_Packaging', 'CZ_Gallbladder_Retraction'}",1719345117,checkpoint_000045,True,False,46,52d63_00000,2024-06-25_21-51-57,75.1309802532196,3452.59281873703,2938761,fb-OMEN-by-HP-45L-Gaming-Desktop-GT22-0xxx,129.69.82.151,3452.59281873703,46
74.20000113546848,4.951850891113281,3.892265802831551,0.8580001,0.10735303,"{'HCH_Cleaning_Coagulation', 'LH_Dividing_Ligament_and_Peritoneum', 'LH_Dividing_Uterine_Vessels_and_Ligament', 'CZ_Clipping_Cutting', 'GR_Seminal_vesicle_dissection', 'CA_Rhexis', 'HCH_Galbladder_Packaging', 'GR_Developing_the_Space_of_Retzius', 'HC_Finalization_of_operation', 'HC_General_preparation_and_orientation_in_the_abdomen', 'HC_Mobilization_of_splenic_flexure', 'HC_Retroperitoneal_preparation_towards_lower_pancreatic_border', 'CZ_Preparation', 'CZ_Gallbladder_Packaging', 'GR_Idle', 'HC_Creation_of_stoma', 'HCH_Calot_Triangle_Dissection', 'CA_Incision', 'CA_Capsule_Polishing', 'GR_Severing_of_the_prostate_from_the_urethra', 'CA_Viscous_agent_removal', 'HC_Extra-abdominal_preparation_of_anastomosis', 'CZ_Gallbladder_Dissection', 'CZ_Calot_Triangle_Dissection', 'CA_Tonifying_and_antibiotics', 'HC_Mobilization_of_ascending_colon', 'GR_Development_of_the_plane_between_the_prostate_and_rectum', 'CZ_Gallbladder_Retraction', 'GR_Ligation_of_the_deep_dorsal_venous_complex', 'CA_Phacoemulsificiation', 'HCH_Galbladder_Retraction', 'GR_Bladder_neck_identification_and_transection', 'HCH_Preparation', 'HC_Mobilization_of_sigmoid_colon_and_descending_colon', 'LH_Specimen_Removal', 'HC_Intra-abdominal_preparation_of_anastomosis', 'HCH_Galbladder_Dissection', 'LH_Preparation', 'HCH_Clipping_Cutting', 'HC_Dissection_of_lymph_nodes_and_blood_vessels_en_bloc', 'CA_Hydrodissection', 'CA_Lens_implant_setting-up', 'GR_Prostatic_pedicle_control', 'HC_Dissection_and_resection_of_the_rectum', 'CZ_Cleaning_Coagulation', 'CA_Viscous_agent_injection', 'CA_Irrigation_and_aspiration', 'LH_Suturing'}","{'M2_Calot_Triangle_Dissection', 'M2_Gallbladder_Retraction', 'CZ_Trocar_Placement', 'M2_Preparation', 'CZ_Clipping_Cutting', 'CZ_Gallbladder_Dissection', 'CZ_Calot_Triangle_Dissection', 'M2_Gallbladder_Dissection', 'CZ_Cleaning_Coagulation', 'M2_Clipping_Cutting', 'M2_Trocar_Placement', 'CZ_Preparation', 'M2_Cleaning_Coagulation', 'CZ_Gallbladder_Packaging', 'M2_Gallbladder_Packaging', 'CZ_Gallbladder_Retraction'}",1719345192,checkpoint_000046,True,False,47,52d63_00000,2024-06-25_21-53-12,75.01321697235107,3527.606035709381,2938761,fb-OMEN-by-HP-45L-Gaming-Desktop-GT22-0xxx,129.69.82.151,3527.606035709381,47
74.80000112950802,5.810843467712402,3.9050754931048663,0.88600004,0.08943373,"{'LH_Transecting_the_Vagina', 'GR_Bladder_neck_reconstruction', 'HCH_Cleaning_Coagulation', 'LH_Dividing_Ligament_and_Peritoneum', 'HC_Exception', 'LH_Dividing_Uterine_Vessels_and_Ligament', 'CZ_Clipping_Cutting', 'LH_Washing', 'CA_Rhexis', 'HCH_Galbladder_Packaging', 'GR_Developing_the_Space_of_Retzius', 'HC_Finalization_of_operation', 'HC_General_preparation_and_orientation_in_the_abdomen', 'HC_Mobilization_of_splenic_flexure', 'CZ_Gallbladder_Packaging', 'GR_Idle', 'HC_Creation_of_stoma', 'HCH_Calot_Triangle_Dissection', 'CA_Incision', 'CA_Capsule_Polishing', 'GR_Severing_of_the_prostate_from_the_urethra', 'HC_Extra-abdominal_preparation_of_anastomosis', 'CZ_Gallbladder_Dissection', 'CZ_Calot_Triangle_Dissection', 'CA_Tonifying_and_antibiotics', 'GR_Development_of_the_plane_between_the_prostate_and_rectum', 'CZ_Gallbladder_Retraction', 'GR_Ligation_of_the_deep_dorsal_venous_complex', 'CA_Phacoemulsificiation', 'HCH_Galbladder_Retraction', 'HCH_Preparation', 'HC_Mobilization_of_sigmoid_colon_and_descending_colon', 'GR_Right_pelvic_isolated_lymphadenectomy', 'LH_Specimen_Removal', 'HCH_Galbladder_Dissection', 'LH_Preparation', 'HCH_Clipping_Cutting', 'HC_Dissection_of_lymph_nodes_and_blood_vessels_en_bloc', 'CA_Hydrodissection', 'CA_Lens_implant_setting-up', 'GR_Prostatic_pedicle_control', 'CZ_Cleaning_Coagulation', 'CA_Viscous_agent_injection', 'CA_Irrigation_and_aspiration', 'LH_Suturing'}","{'M2_Calot_Triangle_Dissection', 'M2_Gallbladder_Retraction', 'CZ_Trocar_Placement', 'M2_Preparation', 'CZ_Clipping_Cutting', 'CZ_Gallbladder_Dissection', 'CZ_Calot_Triangle_Dissection', 'M2_Gallbladder_Dissection', 'CZ_Cleaning_Coagulation', 'M2_Clipping_Cutting', 'M2_Trocar_Placement', 'CZ_Preparation', 'M2_Cleaning_Coagulation', 'CZ_Gallbladder_Packaging', 'M2_Gallbladder_Packaging', 'CZ_Gallbladder_Retraction'}",1719345267,checkpoint_000047,True,False,48,52d63_00000,2024-06-25_21-54-28,75.40292263031006,3603.008958339691,2938761,fb-OMEN-by-HP-45L-Gaming-Desktop-GT22-0xxx,129.69.82.151,3603.008958339691,48
72.400001257658,5.2762603759765625,4.027501854916197,0.85600007,0.111214206,"{'LH_Transecting_the_Vagina', 'GR_Bladder_neck_reconstruction', 'HCH_Cleaning_Coagulation', 'LH_Dividing_Ligament_and_Peritoneum', 'CZ_Clipping_Cutting', 'GR_Seminal_vesicle_dissection', 'LH_Washing', 'CA_Rhexis', 'HCH_Galbladder_Packaging', 'GR_Developing_the_Space_of_Retzius', 'CZ_Preparation', 'HC_General_preparation_and_orientation_in_the_abdomen', 'CZ_Gallbladder_Packaging', 'GR_Idle', 'HC_Mobilization_of_transverse_colon', 'CA_Incision', 'CA_Capsule_Polishing', 'GR_Severing_of_the_prostate_from_the_urethra', 'CA_Viscous_agent_removal', 'HC_Extra-abdominal_preparation_of_anastomosis', 'CZ_Gallbladder_Dissection', 'CZ_Calot_Triangle_Dissection', 'CA_Tonifying_and_antibiotics', 'GR_Development_of_the_plane_between_the_prostate_and_rectum', 'CZ_Gallbladder_Retraction', 'GR_Ligation_of_the_deep_dorsal_venous_complex', 'CA_Phacoemulsificiation', 'HCH_Galbladder_Retraction', 'GR_Bladder_neck_identification_and_transection', 'HCH_Preparation', 'HC_Mobilization_of_sigmoid_colon_and_descending_colon', 'GR_Right_pelvic_isolated_lymphadenectomy', 'LH_Specimen_Removal', 'HC_Intra-abdominal_preparation_of_anastomosis', 'HCH_Galbladder_Dissection', 'LH_Preparation', 'HC_Dissection_of_lymph_nodes_and_blood_vessels_en_bloc', 'CA_Hydrodissection', 'CA_Lens_implant_setting-up', 'GR_Prostatic_pedicle_control', 'HC_Dissection_and_resection_of_the_rectum', 'CZ_Cleaning_Coagulation', 'CA_Viscous_agent_injection', 'HC_Creation_of_stoma', 'LH_Suturing'}","{'M2_Calot_Triangle_Dissection', 'M2_Gallbladder_Retraction', 'CZ_Trocar_Placement', 'M2_Preparation', 'CZ_Clipping_Cutting', 'CZ_Gallbladder_Dissection', 'CZ_Calot_Triangle_Dissection', 'M2_Gallbladder_Dissection', 'CZ_Cleaning_Coagulation', 'M2_Clipping_Cutting', 'M2_Trocar_Placement', 'CZ_Preparation', 'M2_Cleaning_Coagulation', 'CZ_Gallbladder_Packaging', 'M2_Gallbladder_Packaging', 'CZ_Gallbladder_Retraction'}",1719345342,checkpoint_000048,True,False,49,52d63_00000,2024-06-25_21-55-43,75.26307988166809,3678.2720382213593,2938761,fb-OMEN-by-HP-45L-Gaming-Desktop-GT22-0xxx,129.69.82.151,3678.2720382213593,49
77.20000123977661,4.371230602264404,3.3271539761599085,0.8400001,0.13292022,"{'HCH_Cleaning_Coagulation', 'LH_Dividing_Ligament_and_Peritoneum', 'HC_Exception', 'LH_Dividing_Uterine_Vessels_and_Ligament', 'GR_Seminal_vesicle_dissection', 'LH_Washing', 'HC_Retroperitoneal_preparation_of_duodenum_and_pancreatic_head', 'CA_Rhexis', 'HCH_Galbladder_Packaging', 'HC_General_preparation_and_orientation_in_the_abdomen', 'HC_Mobilization_of_splenic_flexure', 'HC_Retroperitoneal_preparation_towards_lower_pancreatic_border', 'CZ_Gallbladder_Packaging', 'GR_Idle', 'HC_Mobilization_of_transverse_colon', 'HCH_Calot_Triangle_Dissection', 'CA_Incision', 'CA_Capsule_Polishing', 'GR_Severing_of_the_prostate_from_the_urethra', 'CA_Viscous_agent_removal', 'CZ_Calot_Triangle_Dissection', 'CA_Tonifying_and_antibiotics', 'HC_Mobilization_of_ascending_colon', 'GR_Development_of_the_plane_between_the_prostate_and_rectum', 'CA_Phacoemulsificiation', 'HCH_Galbladder_Retraction', 'HCH_Preparation', 'HC_Mobilization_of_sigmoid_colon_and_descending_colon', 'GR_Right_pelvic_isolated_lymphadenectomy', 'LH_Specimen_Removal', 'HC_Intra-abdominal_preparation_of_anastomosis', 'HCH_Galbladder_Dissection', 'LH_Preparation', 'HCH_Clipping_Cutting', 'CA_Irrigation_and_aspiration', 'HC_Dissection_of_lymph_nodes_and_blood_vessels_en_bloc', 'CA_Lens_implant_setting-up', 'HC_Dissection_and_resection_of_the_rectum', 'CZ_Cleaning_Coagulation', 'CA_Viscous_agent_injection', 'GR_Left_pelvic_isolated_lymphadenectomy'}","{'M2_Calot_Triangle_Dissection', 'M2_Gallbladder_Retraction', 'CZ_Trocar_Placement', 'M2_Preparation', 'CZ_Clipping_Cutting', 'CZ_Gallbladder_Dissection', 'CZ_Calot_Triangle_Dissection', 'M2_Gallbladder_Dissection', 'CZ_Cleaning_Coagulation', 'M2_Clipping_Cutting', 'M2_Trocar_Placement', 'CZ_Preparation', 'M2_Cleaning_Coagulation', 'CZ_Gallbladder_Packaging', 'M2_Gallbladder_Packaging', 'CZ_Gallbladder_Retraction'}",1719345417,checkpoint_000049,True,False,50,52d63_00000,2024-06-25_21-56-58,74.9861524105072,3753.2581906318665,2938761,fb-OMEN-by-HP-45L-Gaming-Desktop-GT22-0xxx,129.69.82.151,3753.2581906318665,50
78.40000110864639,4.005238056182861,3.4478176123246,0.86600006,0.11003194,"{'LH_Transecting_the_Vagina', 'GR_Bladder_neck_reconstruction', 'HCH_Cleaning_Coagulation', 'LH_Dividing_Ligament_and_Peritoneum', 'HC_Exception', 'LH_Dividing_Uterine_Vessels_and_Ligament', 'CZ_Clipping_Cutting', 'GR_Seminal_vesicle_dissection', 'LH_Washing', 'HC_Retroperitoneal_preparation_of_duodenum_and_pancreatic_head', 'CA_Rhexis', 'GR_Developing_the_Space_of_Retzius', 'CZ_Preparation', 'HC_Mobilization_of_splenic_flexure', 'HC_Finalization_of_operation', 'HC_Retroperitoneal_preparation_towards_lower_pancreatic_border', 'CZ_Gallbladder_Packaging', 'GR_Idle', 'HC_Creation_of_stoma', 'HC_Mobilization_of_transverse_colon', 'HCH_Calot_Triangle_Dissection', 'CA_Incision', 'CA_Capsule_Polishing', 'GR_Severing_of_the_prostate_from_the_urethra', 'CA_Viscous_agent_removal', 'HC_Extra-abdominal_preparation_of_anastomosis', 'CZ_Calot_Triangle_Dissection', 'CA_Tonifying_and_antibiotics', 'HC_Mobilization_of_ascending_colon', 'GR_Development_of_the_plane_between_the_prostate_and_rectum', 'CZ_Gallbladder_Retraction', 'GR_Ligation_of_the_deep_dorsal_venous_complex', 'CA_Phacoemulsificiation', 'HCH_Galbladder_Retraction', 'GR_Bladder_neck_identification_and_transection', 'GR_Right_pelvic_isolated_lymphadenectomy', 'HC_Mobilization_of_sigmoid_colon_and_descending_colon', 'LH_Specimen_Removal', 'HC_Intra-abdominal_preparation_of_anastomosis', 'HCH_Galbladder_Dissection', 'LH_Preparation', 'HCH_Clipping_Cutting', 'CA_Irrigation_and_aspiration', 'CA_Hydrodissection', 'CA_Lens_implant_setting-up', 'GR_Prostatic_pedicle_control', 'HC_Dissection_and_resection_of_the_rectum', 'CZ_Cleaning_Coagulation', 'CA_Viscous_agent_injection', 'GR_Left_pelvic_isolated_lymphadenectomy', 'LH_Suturing'}","{'M2_Calot_Triangle_Dissection', 'M2_Gallbladder_Retraction', 'CZ_Trocar_Placement', 'M2_Preparation', 'CZ_Clipping_Cutting', 'CZ_Gallbladder_Dissection', 'CZ_Calot_Triangle_Dissection', 'M2_Gallbladder_Dissection', 'CZ_Cleaning_Coagulation', 'M2_Clipping_Cutting', 'M2_Trocar_Placement', 'CZ_Preparation', 'M2_Cleaning_Coagulation', 'CZ_Gallbladder_Packaging', 'M2_Gallbladder_Packaging', 'CZ_Gallbladder_Retraction'}",1719345493,checkpoint_000050,True,False,51,52d63_00000,2024-06-25_21-58-13,75.4073805809021,3828.6655712127686,2938761,fb-OMEN-by-HP-45L-Gaming-Desktop-GT22-0xxx,129.69.82.151,3828.6655712127686,51
75.80000112950802,5.563162803649902,4.008954590776349,0.878,0.12206503,"{'LH_Transecting_the_Vagina', 'GR_Bladder_neck_reconstruction', 'HCH_Cleaning_Coagulation', 'LH_Dividing_Ligament_and_Peritoneum', 'LH_Dividing_Uterine_Vessels_and_Ligament', 'CZ_Clipping_Cutting', 'GR_Seminal_vesicle_dissection', 'CA_Rhexis', 'HCH_Galbladder_Packaging', 'GR_Developing_the_Space_of_Retzius', 'CZ_Preparation', 'HC_General_preparation_and_orientation_in_the_abdomen', 'HC_Finalization_of_operation', 'HC_Retroperitoneal_preparation_towards_lower_pancreatic_border', 'CZ_Gallbladder_Packaging', 'CA_Incision', 'GR_Severing_of_the_prostate_from_the_urethra', 'CA_Viscous_agent_removal', 'HC_Extra-abdominal_preparation_of_anastomosis', 'CZ_Gallbladder_Dissection', 'CZ_Calot_Triangle_Dissection', 'CA_Tonifying_and_antibiotics', 'HC_Mobilization_of_ascending_colon', 'GR_Development_of_the_plane_between_the_prostate_and_rectum', 'CZ_Gallbladder_Retraction', 'GR_Ligation_of_the_deep_dorsal_venous_complex', 'CA_Phacoemulsificiation', 'HCH_Galbladder_Retraction', 'GR_Bladder_neck_identification_and_transection', 'HC_Intra-abdominal_preparation_of_anastomosis', 'HCH_Galbladder_Dissection', 'LH_Preparation', 'HCH_Clipping_Cutting', 'HC_Dissection_of_lymph_nodes_and_blood_vessels_en_bloc', 'CA_Hydrodissection', 'CA_Lens_implant_setting-up', 'GR_Prostatic_pedicle_control', 'HC_Dissection_and_resection_of_the_rectum', 'CZ_Cleaning_Coagulation', 'CA_Irrigation_and_aspiration', 'LH_Suturing'}","{'M2_Calot_Triangle_Dissection', 'M2_Gallbladder_Retraction', 'CZ_Trocar_Placement', 'M2_Preparation', 'CZ_Clipping_Cutting', 'CZ_Gallbladder_Dissection', 'CZ_Calot_Triangle_Dissection', 'M2_Gallbladder_Dissection', 'CZ_Cleaning_Coagulation', 'M2_Clipping_Cutting', 'M2_Trocar_Placement', 'CZ_Preparation', 'M2_Cleaning_Coagulation', 'CZ_Gallbladder_Packaging', 'M2_Gallbladder_Packaging', 'CZ_Gallbladder_Retraction'}",1719345568,checkpoint_000051,True,False,52,52d63_00000,2024-06-25_21-59-29,75.30063652992249,3903.966207742691,2938761,fb-OMEN-by-HP-45L-Gaming-Desktop-GT22-0xxx,129.69.82.151,3903.966207742691,52
74.60000112652779,6.45255184173584,3.712842149434297,0.88600004,0.09564337,"{'LH_Transecting_the_Vagina', 'HCH_Cleaning_Coagulation', 'LH_Dividing_Ligament_and_Peritoneum', 'LH_Dividing_Uterine_Vessels_and_Ligament', 'CZ_Clipping_Cutting', 'GR_Seminal_vesicle_dissection', 'HCH_Galbladder_Packaging', 'GR_Developing_the_Space_of_Retzius', 'CZ_Preparation', 'HC_Mobilization_of_splenic_flexure', 'HC_Retroperitoneal_preparation_towards_lower_pancreatic_border', 'CZ_Gallbladder_Packaging', 'GR_Idle', 'HC_Creation_of_stoma', 'HC_Mobilization_of_transverse_colon', 'HCH_Calot_Triangle_Dissection', 'CA_Incision', 'CA_Capsule_Polishing', 'GR_Severing_of_the_prostate_from_the_urethra', 'HC_Extra-abdominal_preparation_of_anastomosis', 'CZ_Gallbladder_Dissection', 'CZ_Calot_Triangle_Dissection', 'CA_Tonifying_and_antibiotics', 'GR_Development_of_the_plane_between_the_prostate_and_rectum', 'CZ_Gallbladder_Retraction', 'GR_Ligation_of_the_deep_dorsal_venous_complex', 'HCH_Galbladder_Retraction', 'GR_Bladder_neck_identification_and_transection', 'HCH_Preparation', 'HC_Mobilization_of_sigmoid_colon_and_descending_colon', 'GR_Right_pelvic_isolated_lymphadenectomy', 'LH_Specimen_Removal', 'HC_Intra-abdominal_preparation_of_anastomosis', 'HCH_Galbladder_Dissection', 'LH_Preparation', 'HCH_Clipping_Cutting', 'CA_Hydrodissection', 'CA_Lens_implant_setting-up', 'GR_Prostatic_pedicle_control', 'HC_Dissection_and_resection_of_the_rectum', 'CZ_Cleaning_Coagulation', 'CA_Viscous_agent_injection', 'GR_Left_pelvic_isolated_lymphadenectomy', 'LH_Suturing'}","{'M2_Calot_Triangle_Dissection', 'M2_Gallbladder_Retraction', 'CZ_Trocar_Placement', 'M2_Preparation', 'CZ_Clipping_Cutting', 'CZ_Gallbladder_Dissection', 'CZ_Calot_Triangle_Dissection', 'M2_Gallbladder_Dissection', 'CZ_Cleaning_Coagulation', 'M2_Clipping_Cutting', 'M2_Trocar_Placement', 'CZ_Preparation', 'M2_Cleaning_Coagulation', 'CZ_Gallbladder_Packaging', 'M2_Gallbladder_Packaging', 'CZ_Gallbladder_Retraction'}",1719345643,checkpoint_000052,True,False,53,52d63_00000,2024-06-25_22-00-44,75.28583431243896,3979.25204205513,2938761,fb-OMEN-by-HP-45L-Gaming-Desktop-GT22-0xxx,129.69.82.151,3979.25204205513,53
74.80000130832195,4.609611511230469,3.3547504534639225,0.8440001,0.1270152,"{'LH_Transecting_the_Vagina', 'HCH_Cleaning_Coagulation', 'LH_Dividing_Ligament_and_Peritoneum', 'LH_Dividing_Uterine_Vessels_and_Ligament', 'CZ_Clipping_Cutting', 'GR_Seminal_vesicle_dissection', 'LH_Washing', 'HCH_Galbladder_Packaging', 'HC_Finalization_of_operation', 'HC_General_preparation_and_orientation_in_the_abdomen', 'HC_Retroperitoneal_preparation_towards_lower_pancreatic_border', 'CZ_Gallbladder_Packaging', 'GR_Idle', 'HC_Creation_of_stoma', 'HCH_Calot_Triangle_Dissection', 'CA_Capsule_Polishing', 'GR_Severing_of_the_prostate_from_the_urethra', 'CA_Viscous_agent_removal', 'HC_Extra-abdominal_preparation_of_anastomosis', 'CZ_Calot_Triangle_Dissection', 'CA_Tonifying_and_antibiotics', 'HC_Mobilization_of_ascending_colon', 'GR_Development_of_the_plane_between_the_prostate_and_rectum', 'CZ_Gallbladder_Retraction', 'HCH_Galbladder_Retraction', 'GR_Bladder_neck_identification_and_transection', 'HCH_Preparation', 'HC_Mobilization_of_sigmoid_colon_and_descending_colon', 'GR_Right_pelvic_isolated_lymphadenectomy', 'LH_Specimen_Removal', 'HC_Intra-abdominal_preparation_of_anastomosis', 'HCH_Galbladder_Dissection', 'LH_Preparation', 'HCH_Clipping_Cutting', 'HC_Dissection_of_lymph_nodes_and_blood_vessels_en_bloc', 'CA_Hydrodissection', 'CA_Lens_implant_setting-up', 'HC_Dissection_and_resection_of_the_rectum', 'CZ_Cleaning_Coagulation', 'CA_Viscous_agent_injection', 'GR_Left_pelvic_isolated_lymphadenectomy', 'LH_Suturing'}","{'M2_Calot_Triangle_Dissection', 'M2_Gallbladder_Retraction', 'CZ_Trocar_Placement', 'M2_Preparation', 'CZ_Clipping_Cutting', 'CZ_Gallbladder_Dissection', 'CZ_Calot_Triangle_Dissection', 'M2_Gallbladder_Dissection', 'CZ_Cleaning_Coagulation', 'M2_Clipping_Cutting', 'M2_Trocar_Placement', 'CZ_Preparation', 'M2_Cleaning_Coagulation', 'CZ_Gallbladder_Packaging', 'M2_Gallbladder_Packaging', 'CZ_Gallbladder_Retraction'}",1719345719,checkpoint_000053,True,False,54,52d63_00000,2024-06-25_22-01-59,75.00772666931152,4054.2597687244415,2938761,fb-OMEN-by-HP-45L-Gaming-Desktop-GT22-0xxx,129.69.82.151,4054.2597687244415,54
76.2000011652708,4.703409194946289,3.6223429115790475,0.86600006,0.09766154,"{'LH_Transecting_the_Vagina', 'GR_Bladder_neck_reconstruction', 'HCH_Cleaning_Coagulation', 'LH_Dividing_Ligament_and_Peritoneum', 'LH_Dividing_Uterine_Vessels_and_Ligament', 'CZ_Clipping_Cutting', 'HC_Retroperitoneal_preparation_of_duodenum_and_pancreatic_head', 'CA_Rhexis', 'HCH_Galbladder_Packaging', 'HC_Finalization_of_operation', 'HC_General_preparation_and_orientation_in_the_abdomen', 'CZ_Preparation', 'HC_Retroperitoneal_preparation_towards_lower_pancreatic_border', 'CZ_Gallbladder_Packaging', 'HC_Mobilization_of_transverse_colon', 'HCH_Calot_Triangle_Dissection', 'CA_Incision', 'CA_Capsule_Polishing', 'GR_Severing_of_the_prostate_from_the_urethra', 'CA_Viscous_agent_removal', 'HC_Extra-abdominal_preparation_of_anastomosis', 'CZ_Gallbladder_Dissection', 'CZ_Calot_Triangle_Dissection', 'CA_Tonifying_and_antibiotics', 'HC_Mobilization_of_ascending_colon', 'GR_Ligation_of_the_deep_dorsal_venous_complex', 'HCH_Galbladder_Retraction', 'GR_Bladder_neck_identification_and_transection', 'HCH_Preparation', 'HC_Mobilization_of_sigmoid_colon_and_descending_colon', 'GR_Right_pelvic_isolated_lymphadenectomy', 'LH_Specimen_Removal', 'HC_Intra-abdominal_preparation_of_anastomosis', 'HCH_Galbladder_Dissection', 'LH_Preparation', 'HCH_Clipping_Cutting', 'CA_Irrigation_and_aspiration', 'HC_Dissection_of_lymph_nodes_and_blood_vessels_en_bloc', 'CA_Hydrodissection', 'CA_Lens_implant_setting-up', 'GR_Prostatic_pedicle_control', 'CZ_Cleaning_Coagulation', 'CA_Viscous_agent_injection', 'GR_Left_pelvic_isolated_lymphadenectomy', 'LH_Suturing'}","{'M2_Calot_Triangle_Dissection', 'M2_Gallbladder_Retraction', 'CZ_Trocar_Placement', 'M2_Preparation', 'CZ_Clipping_Cutting', 'CZ_Gallbladder_Dissection', 'CZ_Calot_Triangle_Dissection', 'M2_Gallbladder_Dissection', 'CZ_Cleaning_Coagulation', 'M2_Clipping_Cutting', 'M2_Trocar_Placement', 'CZ_Preparation', 'M2_Cleaning_Coagulation', 'CZ_Gallbladder_Packaging', 'M2_Gallbladder_Packaging', 'CZ_Gallbladder_Retraction'}",1719345794,checkpoint_000054,True,False,55,52d63_00000,2024-06-25_22-03-14,75.09403538703918,4129.353804111481,2938761,fb-OMEN-by-HP-45L-Gaming-Desktop-GT22-0xxx,129.69.82.151,4129.353804111481,55
74.80000114440918,4.17905330657959,3.785185694996798,0.87799996,0.1095076,"{'LH_Transecting_the_Vagina', 'GR_Bladder_neck_reconstruction', 'HCH_Cleaning_Coagulation', 'LH_Dividing_Ligament_and_Peritoneum', 'LH_Dividing_Uterine_Vessels_and_Ligament', 'CZ_Clipping_Cutting', 'GR_Seminal_vesicle_dissection', 'CA_Rhexis', 'HCH_Galbladder_Packaging', 'GR_Developing_the_Space_of_Retzius', 'CZ_Preparation', 'HC_General_preparation_and_orientation_in_the_abdomen', 'HC_Retroperitoneal_preparation_towards_lower_pancreatic_border', 'CZ_Gallbladder_Packaging', 'GR_Idle', 'HC_Creation_of_stoma', 'HC_Mobilization_of_transverse_colon', 'HCH_Calot_Triangle_Dissection', 'CA_Incision', 'CA_Capsule_Polishing', 'GR_Severing_of_the_prostate_from_the_urethra', 'CA_Viscous_agent_removal', 'HC_Extra-abdominal_preparation_of_anastomosis', 'CZ_Gallbladder_Dissection', 'CZ_Calot_Triangle_Dissection', 'CZ_Gallbladder_Retraction', 'GR_Ligation_of_the_deep_dorsal_venous_complex', 'CA_Phacoemulsificiation', 'GR_Bladder_neck_identification_and_transection', 'HCH_Preparation', 'HC_Mobilization_of_sigmoid_colon_and_descending_colon', 'GR_Right_pelvic_isolated_lymphadenectomy', 'HC_Intra-abdominal_preparation_of_anastomosis', 'HCH_Galbladder_Dissection', 'HCH_Clipping_Cutting', 'CA_Hydrodissection', 'CA_Lens_implant_setting-up', 'GR_Prostatic_pedicle_control', 'CZ_Cleaning_Coagulation', 'CA_Viscous_agent_injection', 'GR_Left_pelvic_isolated_lymphadenectomy', 'LH_Suturing'}","{'M2_Calot_Triangle_Dissection', 'M2_Gallbladder_Retraction', 'CZ_Trocar_Placement', 'M2_Preparation', 'CZ_Clipping_Cutting', 'CZ_Gallbladder_Dissection', 'CZ_Calot_Triangle_Dissection', 'M2_Gallbladder_Dissection', 'CZ_Cleaning_Coagulation', 'M2_Clipping_Cutting', 'M2_Trocar_Placement', 'CZ_Preparation', 'M2_Cleaning_Coagulation', 'CZ_Gallbladder_Packaging', 'M2_Gallbladder_Packaging', 'CZ_Gallbladder_Retraction'}",1719345869,checkpoint_000055,True,False,56,52d63_00000,2024-06-25_22-04-30,75.44798588752747,4204.801789999008,2938761,fb-OMEN-by-HP-45L-Gaming-Desktop-GT22-0xxx,129.69.82.151,4204.801789999008,56
78.0000010728836,4.269566535949707,3.6140613081470745,0.86800003,0.111067206,"{'GR_Bladder_neck_reconstruction', 'HCH_Cleaning_Coagulation', 'LH_Dividing_Uterine_Vessels_and_Ligament', 'GR_Seminal_vesicle_dissection', 'LH_Washing', 'HC_Retroperitoneal_preparation_of_duodenum_and_pancreatic_head', 'CA_Rhexis', 'HCH_Galbladder_Packaging', 'GR_Developing_the_Space_of_Retzius', 'HC_Finalization_of_operation', 'HC_General_preparation_and_orientation_in_the_abdomen', 'CZ_Preparation', 'CZ_Gallbladder_Packaging', 'HC_Creation_of_stoma', 'HC_Mobilization_of_transverse_colon', 'HCH_Calot_Triangle_Dissection', 'CA_Incision', 'CA_Capsule_Polishing', 'GR_Severing_of_the_prostate_from_the_urethra', 'CA_Viscous_agent_removal', 'CZ_Gallbladder_Dissection', 'CZ_Calot_Triangle_Dissection', 'HC_Mobilization_of_ascending_colon', 'GR_Development_of_the_plane_between_the_prostate_and_rectum', 'CZ_Gallbladder_Retraction', 'GR_Ligation_of_the_deep_dorsal_venous_complex', 'CA_Phacoemulsificiation', 'HCH_Galbladder_Retraction', 'HCH_Preparation', 'HC_Mobilization_of_sigmoid_colon_and_descending_colon', 'GR_Right_pelvic_isolated_lymphadenectomy', 'LH_Specimen_Removal', 'HC_Intra-abdominal_preparation_of_anastomosis', 'HCH_Galbladder_Dissection', 'LH_Preparation', 'HCH_Clipping_Cutting', 'CA_Irrigation_and_aspiration', 'HC_Dissection_of_lymph_nodes_and_blood_vessels_en_bloc', 'CA_Lens_implant_setting-up', 'GR_Prostatic_pedicle_control', 'HC_Dissection_and_resection_of_the_rectum', 'CZ_Cleaning_Coagulation', 'GR_Left_pelvic_isolated_lymphadenectomy', 'LH_Suturing'}","{'M2_Calot_Triangle_Dissection', 'M2_Gallbladder_Retraction', 'CZ_Trocar_Placement', 'M2_Preparation', 'CZ_Clipping_Cutting', 'CZ_Gallbladder_Dissection', 'CZ_Calot_Triangle_Dissection', 'M2_Gallbladder_Dissection', 'CZ_Cleaning_Coagulation', 'M2_Clipping_Cutting', 'M2_Trocar_Placement', 'CZ_Preparation', 'M2_Cleaning_Coagulation', 'CZ_Gallbladder_Packaging', 'M2_Gallbladder_Packaging', 'CZ_Gallbladder_Retraction'}",1719345944,checkpoint_000056,True,False,57,52d63_00000,2024-06-25_22-05-45,75.08558535575867,4279.887375354767,2938761,fb-OMEN-by-HP-45L-Gaming-Desktop-GT22-0xxx,129.69.82.151,4279.887375354767,57
81.40000082552433,3.3598108291625977,3.8509884417847395,0.88400006,0.10448608,"{'GR_Bladder_neck_reconstruction', 'HCH_Cleaning_Coagulation', 'LH_Dividing_Ligament_and_Peritoneum', 'HC_Exception', 'LH_Dividing_Uterine_Vessels_and_Ligament', 'GR_Seminal_vesicle_dissection', 'LH_Washing', 'CA_Rhexis', 'HCH_Galbladder_Packaging', 'GR_Developing_the_Space_of_Retzius', 'HC_Finalization_of_operation', 'HC_General_preparation_and_orientation_in_the_abdomen', 'CZ_Preparation', 'CZ_Gallbladder_Packaging', 'GR_Idle', 'HC_Mobilization_of_transverse_colon', 'CA_Incision', 'CA_Capsule_Polishing', 'GR_Severing_of_the_prostate_from_the_urethra', 'HC_Extra-abdominal_preparation_of_anastomosis', 'CZ_Gallbladder_Dissection', 'CZ_Calot_Triangle_Dissection', 'CA_Tonifying_and_antibiotics', 'HC_Mobilization_of_ascending_colon', 'GR_Development_of_the_plane_between_the_prostate_and_rectum', 'CZ_Gallbladder_Retraction', 'GR_Ligation_of_the_deep_dorsal_venous_complex', 'CA_Phacoemulsificiation', 'HCH_Galbladder_Retraction', 'GR_Bladder_neck_identification_and_transection', 'GR_Right_pelvic_isolated_lymphadenectomy', 'HC_Mobilization_of_sigmoid_colon_and_descending_colon', 'LH_Specimen_Removal', 'HC_Intra-abdominal_preparation_of_anastomosis', 'HCH_Galbladder_Dissection', 'LH_Preparation', 'HCH_Clipping_Cutting', 'HC_Dissection_of_lymph_nodes_and_blood_vessels_en_bloc', 'CA_Hydrodissection', 'CA_Lens_implant_setting-up', 'CZ_Cleaning_Coagulation', 'CA_Viscous_agent_injection', 'GR_Left_pelvic_isolated_lymphadenectomy', 'LH_Suturing'}","{'M2_Calot_Triangle_Dissection', 'M2_Gallbladder_Retraction', 'CZ_Trocar_Placement', 'M2_Preparation', 'CZ_Clipping_Cutting', 'CZ_Gallbladder_Dissection', 'CZ_Calot_Triangle_Dissection', 'M2_Gallbladder_Dissection', 'CZ_Cleaning_Coagulation', 'M2_Clipping_Cutting', 'M2_Trocar_Placement', 'CZ_Preparation', 'M2_Cleaning_Coagulation', 'CZ_Gallbladder_Packaging', 'M2_Gallbladder_Packaging', 'CZ_Gallbladder_Retraction'}",1719346020,checkpoint_000057,True,False,58,52d63_00000,2024-06-25_22-07-00,75.39536237716675,4355.282737731934,2938761,fb-OMEN-by-HP-45L-Gaming-Desktop-GT22-0xxx,129.69.82.151,4355.282737731934,58
79.00000093877316,3.5693986415863037,3.734301453281502,0.85800004,0.113498166,"{'LH_Transecting_the_Vagina', 'HCH_Cleaning_Coagulation', 'LH_Dividing_Ligament_and_Peritoneum', 'HC_Exception', 'CZ_Clipping_Cutting', 'GR_Seminal_vesicle_dissection', 'LH_Washing', 'HC_Retroperitoneal_preparation_of_duodenum_and_pancreatic_head', 'CA_Rhexis', 'HCH_Galbladder_Packaging', 'GR_Developing_the_Space_of_Retzius', 'HC_Finalization_of_operation', 'HC_General_preparation_and_orientation_in_the_abdomen', 'HC_Retroperitoneal_preparation_towards_lower_pancreatic_border', 'CZ_Gallbladder_Packaging', 'GR_Idle', 'HC_Mobilization_of_transverse_colon', 'HCH_Calot_Triangle_Dissection', 'CA_Incision', 'GR_Severing_of_the_prostate_from_the_urethra', 'CA_Viscous_agent_removal', 'HC_Extra-abdominal_preparation_of_anastomosis', 'CZ_Gallbladder_Dissection', 'CZ_Calot_Triangle_Dissection', 'CA_Tonifying_and_antibiotics', 'GR_Development_of_the_plane_between_the_prostate_and_rectum', 'CZ_Gallbladder_Retraction', 'GR_Ligation_of_the_deep_dorsal_venous_complex', 'HCH_Galbladder_Retraction', 'GR_Bladder_neck_identification_and_transection', 'HCH_Preparation', 'HC_Mobilization_of_sigmoid_colon_and_descending_colon', 'GR_Right_pelvic_isolated_lymphadenectomy', 'LH_Specimen_Removal', 'HC_Intra-abdominal_preparation_of_anastomosis', 'HCH_Galbladder_Dissection', 'LH_Preparation', 'HCH_Clipping_Cutting', 'CA_Irrigation_and_aspiration', 'HC_Dissection_of_lymph_nodes_and_blood_vessels_en_bloc', 'CA_Hydrodissection', 'GR_Prostatic_pedicle_control', 'CZ_Cleaning_Coagulation', 'CA_Viscous_agent_injection', 'GR_Left_pelvic_isolated_lymphadenectomy', 'LH_Suturing'}","{'M2_Calot_Triangle_Dissection', 'M2_Gallbladder_Retraction', 'CZ_Trocar_Placement', 'M2_Preparation', 'CZ_Clipping_Cutting', 'CZ_Gallbladder_Dissection', 'CZ_Calot_Triangle_Dissection', 'M2_Gallbladder_Dissection', 'CZ_Cleaning_Coagulation', 'M2_Clipping_Cutting', 'M2_Trocar_Placement', 'CZ_Preparation', 'M2_Cleaning_Coagulation', 'CZ_Gallbladder_Packaging', 'M2_Gallbladder_Packaging', 'CZ_Gallbladder_Retraction'}",1719346095,checkpoint_000058,True,False,59,52d63_00000,2024-06-25_22-08-15,75.09699249267578,4430.379730224609,2938761,fb-OMEN-by-HP-45L-Gaming-Desktop-GT22-0xxx,129.69.82.151,4430.379730224609,59
78.40000104904175,3.928145170211792,3.663889501681026,0.87000006,0.098881096,"{'LH_Transecting_the_Vagina', 'HCH_Cleaning_Coagulation', 'LH_Dividing_Ligament_and_Peritoneum', 'LH_Dividing_Uterine_Vessels_and_Ligament', 'CZ_Clipping_Cutting', 'GR_Seminal_vesicle_dissection', 'HC_Retroperitoneal_preparation_of_duodenum_and_pancreatic_head', 'CA_Rhexis', 'HCH_Galbladder_Packaging', 'GR_Developing_the_Space_of_Retzius', 'CZ_Preparation', 'HC_Mobilization_of_splenic_flexure', 'HC_Finalization_of_operation', 'HC_Retroperitoneal_preparation_towards_lower_pancreatic_border', 'CZ_Gallbladder_Packaging', 'GR_Idle', 'HC_Creation_of_stoma', 'HC_Mobilization_of_transverse_colon', 'HCH_Calot_Triangle_Dissection', 'CA_Incision', 'CA_Capsule_Polishing', 'GR_Severing_of_the_prostate_from_the_urethra', 'CA_Viscous_agent_removal', 'HC_Extra-abdominal_preparation_of_anastomosis', 'CZ_Calot_Triangle_Dissection', 'CA_Tonifying_and_antibiotics', 'CZ_Gallbladder_Retraction', 'GR_Ligation_of_the_deep_dorsal_venous_complex', 'HCH_Galbladder_Retraction', 'GR_Bladder_neck_identification_and_transection', 'HCH_Preparation', 'GR_Right_pelvic_isolated_lymphadenectomy', 'LH_Specimen_Removal', 'HC_Intra-abdominal_preparation_of_anastomosis', 'HCH_Galbladder_Dissection', 'LH_Preparation', 'HCH_Clipping_Cutting', 'CA_Irrigation_and_aspiration', 'HC_Dissection_of_lymph_nodes_and_blood_vessels_en_bloc', 'CA_Hydrodissection', 'CA_Lens_implant_setting-up', 'GR_Prostatic_pedicle_control', 'HC_Dissection_and_resection_of_the_rectum', 'CZ_Cleaning_Coagulation', 'GR_Left_pelvic_isolated_lymphadenectomy', 'LH_Suturing'}","{'M2_Calot_Triangle_Dissection', 'M2_Gallbladder_Retraction', 'CZ_Trocar_Placement', 'M2_Preparation', 'CZ_Clipping_Cutting', 'CZ_Gallbladder_Dissection', 'CZ_Calot_Triangle_Dissection', 'M2_Gallbladder_Dissection', 'CZ_Cleaning_Coagulation', 'M2_Clipping_Cutting', 'M2_Trocar_Placement', 'CZ_Preparation', 'M2_Cleaning_Coagulation', 'CZ_Gallbladder_Packaging', 'M2_Gallbladder_Packaging', 'CZ_Gallbladder_Retraction'}",1719346170,checkpoint_000059,True,False,60,52d63_00000,2024-06-25_22-09-30,75.08685064315796,4505.466580867767,2938761,fb-OMEN-by-HP-45L-Gaming-Desktop-GT22-0xxx,129.69.82.151,4505.466580867767,60
75.60000124573708,3.929940700531006,3.398438675894725,0.9040001,0.09022311,"{'LH_Transecting_the_Vagina', 'GR_Bladder_neck_reconstruction', 'HCH_Cleaning_Coagulation', 'LH_Dividing_Ligament_and_Peritoneum', 'LH_Dividing_Uterine_Vessels_and_Ligament', 'CZ_Clipping_Cutting', 'GR_Seminal_vesicle_dissection', 'LH_Washing', 'HC_Retroperitoneal_preparation_of_duodenum_and_pancreatic_head', 'CA_Rhexis', 'HCH_Galbladder_Packaging', 'GR_Developing_the_Space_of_Retzius', 'HC_Finalization_of_operation', 'HC_Mobilization_of_splenic_flexure', 'CZ_Preparation', 'HC_Retroperitoneal_preparation_towards_lower_pancreatic_border', 'CZ_Gallbladder_Packaging', 'GR_Idle', 'HC_Creation_of_stoma', 'HC_Mobilization_of_transverse_colon', 'HCH_Calot_Triangle_Dissection', 'CA_Incision', 'CA_Capsule_Polishing', 'GR_Severing_of_the_prostate_from_the_urethra', 'CA_Viscous_agent_removal', 'HC_Extra-abdominal_preparation_of_anastomosis', 'CZ_Gallbladder_Dissection', 'CZ_Calot_Triangle_Dissection', 'CA_Tonifying_and_antibiotics', 'GR_Development_of_the_plane_between_the_prostate_and_rectum', 'CZ_Gallbladder_Retraction', 'GR_Ligation_of_the_deep_dorsal_venous_complex', 'HCH_Galbladder_Retraction', 'GR_Bladder_neck_identification_and_transection', 'HCH_Preparation', 'HC_Mobilization_of_sigmoid_colon_and_descending_colon', 'GR_Right_pelvic_isolated_lymphadenectomy', 'LH_Specimen_Removal', 'HCH_Galbladder_Dissection', 'LH_Preparation', 'HCH_Clipping_Cutting', 'CA_Irrigation_and_aspiration', 'HC_Dissection_of_lymph_nodes_and_blood_vessels_en_bloc', 'CA_Hydrodissection', 'CA_Lens_implant_setting-up', 'GR_Prostatic_pedicle_control', 'HC_Dissection_and_resection_of_the_rectum', 'CZ_Cleaning_Coagulation', 'CA_Viscous_agent_injection', 'GR_Left_pelvic_isolated_lymphadenectomy', 'LH_Suturing'}","{'M2_Calot_Triangle_Dissection', 'M2_Gallbladder_Retraction', 'CZ_Trocar_Placement', 'M2_Preparation', 'CZ_Clipping_Cutting', 'CZ_Gallbladder_Dissection', 'CZ_Calot_Triangle_Dissection', 'M2_Gallbladder_Dissection', 'CZ_Cleaning_Coagulation', 'M2_Clipping_Cutting', 'M2_Trocar_Placement', 'CZ_Preparation', 'M2_Cleaning_Coagulation', 'CZ_Gallbladder_Packaging', 'M2_Gallbladder_Packaging', 'CZ_Gallbladder_Retraction'}",1719346245,checkpoint_000060,True,False,61,52d63_00000,2024-06-25_22-10-46,75.15846562385559,4580.625046491623,2938761,fb-OMEN-by-HP-45L-Gaming-Desktop-GT22-0xxx,129.69.82.151,4580.625046491623,61
76.60000118613243,3.735069990158081,3.282283099056552,0.9040001,0.08561082,"{'LH_Transecting_the_Vagina', 'HCH_Cleaning_Coagulation', 'LH_Dividing_Ligament_and_Peritoneum', 'LH_Dividing_Uterine_Vessels_and_Ligament', 'CZ_Clipping_Cutting', 'LH_Washing', 'HC_Retroperitoneal_preparation_of_duodenum_and_pancreatic_head', 'CA_Rhexis', 'HCH_Galbladder_Packaging', 'GR_Developing_the_Space_of_Retzius', 'CZ_Preparation', 'HC_General_preparation_and_orientation_in_the_abdomen', 'HC_Finalization_of_operation', 'CZ_Gallbladder_Packaging', 'GR_Idle', 'HC_Creation_of_stoma', 'HC_Mobilization_of_transverse_colon', 'HCH_Calot_Triangle_Dissection', 'CA_Incision', 'CA_Capsule_Polishing', 'GR_Severing_of_the_prostate_from_the_urethra', 'CA_Viscous_agent_removal', 'HC_Extra-abdominal_preparation_of_anastomosis', 'CZ_Gallbladder_Dissection', 'CA_Tonifying_and_antibiotics', 'HC_Mobilization_of_ascending_colon', 'CZ_Gallbladder_Retraction', 'HCH_Galbladder_Retraction', 'GR_Bladder_neck_identification_and_transection', 'HCH_Preparation', 'GR_Right_pelvic_isolated_lymphadenectomy', 'LH_Specimen_Removal', 'HC_Intra-abdominal_preparation_of_anastomosis', 'HCH_Galbladder_Dissection', 'HCH_Clipping_Cutting', 'CA_Irrigation_and_aspiration', 'HC_Dissection_of_lymph_nodes_and_blood_vessels_en_bloc', 'CA_Hydrodissection', 'CA_Lens_implant_setting-up', 'GR_Prostatic_pedicle_control', 'HC_Dissection_and_resection_of_the_rectum', 'CZ_Cleaning_Coagulation', 'GR_Left_pelvic_isolated_lymphadenectomy', 'LH_Suturing'}","{'M2_Calot_Triangle_Dissection', 'M2_Gallbladder_Retraction', 'CZ_Trocar_Placement', 'M2_Preparation', 'CZ_Clipping_Cutting', 'CZ_Gallbladder_Dissection', 'CZ_Calot_Triangle_Dissection', 'M2_Gallbladder_Dissection', 'CZ_Cleaning_Coagulation', 'M2_Clipping_Cutting', 'M2_Trocar_Placement', 'CZ_Preparation', 'M2_Cleaning_Coagulation', 'CZ_Gallbladder_Packaging', 'M2_Gallbladder_Packaging', 'CZ_Gallbladder_Retraction'}",1719346320,checkpoint_000061,True,False,62,52d63_00000,2024-06-25_22-12-01,75.00744676589966,4655.632493257523,2938761,fb-OMEN-by-HP-45L-Gaming-Desktop-GT22-0xxx,129.69.82.151,4655.632493257523,62
76.00000113248825,4.645876884460449,3.919999889016154,0.92800003,0.063123696,"{'LH_Transecting_the_Vagina', 'GR_Bladder_neck_reconstruction', 'HCH_Cleaning_Coagulation', 'LH_Dividing_Ligament_and_Peritoneum', 'LH_Dividing_Uterine_Vessels_and_Ligament', 'CZ_Clipping_Cutting', 'GR_Seminal_vesicle_dissection', 'LH_Washing', 'CA_Rhexis', 'HCH_Galbladder_Packaging', 'CZ_Preparation', 'HC_General_preparation_and_orientation_in_the_abdomen', 'HC_Finalization_of_operation', 'HC_Retroperitoneal_preparation_towards_lower_pancreatic_border', 'CZ_Gallbladder_Packaging', 'GR_Idle', 'HC_Creation_of_stoma', 'HC_Mobilization_of_transverse_colon', 'HCH_Calot_Triangle_Dissection', 'CA_Incision', 'CA_Capsule_Polishing', 'GR_Severing_of_the_prostate_from_the_urethra', 'CA_Viscous_agent_removal', 'CZ_Gallbladder_Dissection', 'CZ_Calot_Triangle_Dissection', 'CA_Tonifying_and_antibiotics', 'GR_Development_of_the_plane_between_the_prostate_and_rectum', 'CZ_Gallbladder_Retraction', 'GR_Ligation_of_the_deep_dorsal_venous_complex', 'CA_Phacoemulsificiation', 'HCH_Galbladder_Retraction', 'HCH_Preparation', 'GR_Right_pelvic_isolated_lymphadenectomy', 'LH_Specimen_Removal', 'HC_Intra-abdominal_preparation_of_anastomosis', 'HCH_Galbladder_Dissection', 'LH_Preparation', 'HCH_Clipping_Cutting', 'HC_Dissection_of_lymph_nodes_and_blood_vessels_en_bloc', 'CA_Hydrodissection', 'CA_Lens_implant_setting-up', 'GR_Prostatic_pedicle_control', 'HC_Dissection_and_resection_of_the_rectum', 'CZ_Cleaning_Coagulation', 'CA_Viscous_agent_injection', 'GR_Left_pelvic_isolated_lymphadenectomy', 'LH_Suturing'}","{'M2_Calot_Triangle_Dissection', 'M2_Gallbladder_Retraction', 'CZ_Trocar_Placement', 'M2_Preparation', 'CZ_Clipping_Cutting', 'CZ_Gallbladder_Dissection', 'CZ_Calot_Triangle_Dissection', 'M2_Gallbladder_Dissection', 'CZ_Cleaning_Coagulation', 'M2_Clipping_Cutting', 'M2_Trocar_Placement', 'CZ_Preparation', 'M2_Cleaning_Coagulation', 'CZ_Gallbladder_Packaging', 'M2_Gallbladder_Packaging', 'CZ_Gallbladder_Retraction'}",1719346395,checkpoint_000062,True,False,63,52d63_00000,2024-06-25_22-13-16,75.33875298500061,4730.971246242523,2938761,fb-OMEN-by-HP-45L-Gaming-Desktop-GT22-0xxx,129.69.82.151,4730.971246242523,63
75.00000114738941,3.7608938217163086,3.692922875526686,0.8680001,0.11799737,"{'LH_Transecting_the_Vagina', 'GR_Bladder_neck_reconstruction', 'HCH_Cleaning_Coagulation', 'LH_Dividing_Ligament_and_Peritoneum', 'HC_Exception', 'LH_Dividing_Uterine_Vessels_and_Ligament', 'CZ_Clipping_Cutting', 'GR_Seminal_vesicle_dissection', 'LH_Washing', 'HC_Retroperitoneal_preparation_of_duodenum_and_pancreatic_head', 'CA_Rhexis', 'HCH_Galbladder_Packaging', 'GR_Developing_the_Space_of_Retzius', 'HC_Finalization_of_operation', 'HC_Mobilization_of_splenic_flexure', 'HC_Retroperitoneal_preparation_towards_lower_pancreatic_border', 'CZ_Gallbladder_Packaging', 'GR_Idle', 'HC_Creation_of_stoma', 'HC_Mobilization_of_transverse_colon', 'HCH_Calot_Triangle_Dissection', 'CA_Incision', 'CA_Capsule_Polishing', 'GR_Severing_of_the_prostate_from_the_urethra', 'CA_Viscous_agent_removal', 'HC_Extra-abdominal_preparation_of_anastomosis', 'CZ_Gallbladder_Dissection', 'CZ_Calot_Triangle_Dissection', 'CA_Tonifying_and_antibiotics', 'GR_Development_of_the_plane_between_the_prostate_and_rectum', 'CZ_Gallbladder_Retraction', 'GR_Ligation_of_the_deep_dorsal_venous_complex', 'HCH_Galbladder_Retraction', 'GR_Bladder_neck_identification_and_transection', 'HCH_Preparation', 'HC_Mobilization_of_sigmoid_colon_and_descending_colon', 'LH_Specimen_Removal', 'HC_Intra-abdominal_preparation_of_anastomosis', 'HCH_Galbladder_Dissection', 'LH_Preparation', 'HCH_Clipping_Cutting', 'CA_Irrigation_and_aspiration', 'HC_Dissection_of_lymph_nodes_and_blood_vessels_en_bloc', 'CA_Hydrodissection', 'CA_Lens_implant_setting-up', 'GR_Prostatic_pedicle_control', 'HC_Dissection_and_resection_of_the_rectum', 'CZ_Cleaning_Coagulation', 'CA_Viscous_agent_injection', 'GR_Left_pelvic_isolated_lymphadenectomy', 'LH_Suturing'}","{'M2_Calot_Triangle_Dissection', 'M2_Gallbladder_Retraction', 'CZ_Trocar_Placement', 'M2_Preparation', 'CZ_Clipping_Cutting', 'CZ_Gallbladder_Dissection', 'CZ_Calot_Triangle_Dissection', 'M2_Gallbladder_Dissection', 'CZ_Cleaning_Coagulation', 'M2_Clipping_Cutting', 'M2_Trocar_Placement', 'CZ_Preparation', 'M2_Cleaning_Coagulation', 'CZ_Gallbladder_Packaging', 'M2_Gallbladder_Packaging', 'CZ_Gallbladder_Retraction'}",1719346470,checkpoint_000063,True,False,64,52d63_00000,2024-06-25_22-14-31,75.11021900177002,4806.081465244293,2938761,fb-OMEN-by-HP-45L-Gaming-Desktop-GT22-0xxx,129.69.82.151,4806.081465244293,64
74.6000012755394,4.58308744430542,3.5865321241807826,0.87600005,0.11220329,"{'LH_Transecting_the_Vagina', 'GR_Bladder_neck_reconstruction', 'HCH_Cleaning_Coagulation', 'LH_Dividing_Ligament_and_Peritoneum', 'LH_Dividing_Uterine_Vessels_and_Ligament', 'CZ_Clipping_Cutting', 'GR_Seminal_vesicle_dissection', 'LH_Washing', 'HC_Retroperitoneal_preparation_of_duodenum_and_pancreatic_head', 'CA_Rhexis', 'HCH_Galbladder_Packaging', 'HC_Finalization_of_operation', 'HC_General_preparation_and_orientation_in_the_abdomen', 'HC_Mobilization_of_splenic_flexure', 'HC_Retroperitoneal_preparation_towards_lower_pancreatic_border', 'CZ_Preparation', 'CZ_Gallbladder_Packaging', 'GR_Idle', 'HC_Mobilization_of_transverse_colon', 'CA_Incision', 'CA_Capsule_Polishing', 'GR_Severing_of_the_prostate_from_the_urethra', 'CA_Viscous_agent_removal', 'HC_Extra-abdominal_preparation_of_anastomosis', 'CZ_Gallbladder_Dissection', 'CA_Tonifying_and_antibiotics', 'HC_Mobilization_of_ascending_colon', 'GR_Development_of_the_plane_between_the_prostate_and_rectum', 'CZ_Gallbladder_Retraction', 'CA_Phacoemulsificiation', 'HCH_Galbladder_Retraction', 'GR_Bladder_neck_identification_and_transection', 'HCH_Preparation', 'HC_Mobilization_of_sigmoid_colon_and_descending_colon', 'GR_Right_pelvic_isolated_lymphadenectomy', 'LH_Specimen_Removal', 'HC_Intra-abdominal_preparation_of_anastomosis', 'HCH_Galbladder_Dissection', 'HCH_Clipping_Cutting', 'CA_Hydrodissection', 'CA_Lens_implant_setting-up', 'GR_Prostatic_pedicle_control', 'HC_Dissection_and_resection_of_the_rectum', 'CZ_Cleaning_Coagulation', 'CA_Viscous_agent_injection', 'LH_Suturing'}","{'M2_Calot_Triangle_Dissection', 'M2_Gallbladder_Retraction', 'CZ_Trocar_Placement', 'M2_Preparation', 'CZ_Clipping_Cutting', 'CZ_Gallbladder_Dissection', 'CZ_Calot_Triangle_Dissection', 'M2_Gallbladder_Dissection', 'CZ_Cleaning_Coagulation', 'M2_Clipping_Cutting', 'M2_Trocar_Placement', 'CZ_Preparation', 'M2_Cleaning_Coagulation', 'CZ_Gallbladder_Packaging', 'M2_Gallbladder_Packaging', 'CZ_Gallbladder_Retraction'}",1719346545,checkpoint_000064,True,False,65,52d63_00000,2024-06-25_22-15-46,74.95400953292847,4881.035474777222,2938761,fb-OMEN-by-HP-45L-Gaming-Desktop-GT22-0xxx,129.69.82.151,4881.035474777222,65
78.60000114142895,3.6901378631591797,3.2446139757216628,0.90400004,0.0822721,"{'LH_Transecting_the_Vagina', 'HCH_Cleaning_Coagulation', 'LH_Dividing_Ligament_and_Peritoneum', 'HC_Exception', 'LH_Dividing_Uterine_Vessels_and_Ligament', 'CZ_Clipping_Cutting', 'LH_Washing', 'HC_Retroperitoneal_preparation_of_duodenum_and_pancreatic_head', 'CA_Rhexis', 'HCH_Galbladder_Packaging', 'CZ_Preparation', 'HC_General_preparation_and_orientation_in_the_abdomen', 'HC_Mobilization_of_splenic_flexure', 'HC_Retroperitoneal_preparation_towards_lower_pancreatic_border', 'CZ_Gallbladder_Packaging', 'HC_Mobilization_of_transverse_colon', 'HCH_Calot_Triangle_Dissection', 'CA_Incision', 'CA_Capsule_Polishing', 'HC_Extra-abdominal_preparation_of_anastomosis', 'CZ_Calot_Triangle_Dissection', 'CA_Tonifying_and_antibiotics', 'HC_Mobilization_of_ascending_colon', 'GR_Development_of_the_plane_between_the_prostate_and_rectum', 'CZ_Gallbladder_Retraction', 'GR_Ligation_of_the_deep_dorsal_venous_complex', 'CA_Phacoemulsificiation', 'HCH_Galbladder_Retraction', 'GR_Bladder_neck_identification_and_transection', 'HCH_Preparation', 'GR_Right_pelvic_isolated_lymphadenectomy', 'LH_Specimen_Removal', 'HC_Intra-abdominal_preparation_of_anastomosis', 'HCH_Galbladder_Dissection', 'LH_Preparation', 'HCH_Clipping_Cutting', 'HC_Dissection_of_lymph_nodes_and_blood_vessels_en_bloc', 'CA_Hydrodissection', 'CA_Lens_implant_setting-up', 'GR_Prostatic_pedicle_control', 'HC_Dissection_and_resection_of_the_rectum', 'CZ_Cleaning_Coagulation', 'HC_Creation_of_stoma', 'LH_Suturing'}","{'M2_Calot_Triangle_Dissection', 'M2_Gallbladder_Retraction', 'CZ_Trocar_Placement', 'M2_Preparation', 'CZ_Clipping_Cutting', 'CZ_Gallbladder_Dissection', 'CZ_Calot_Triangle_Dissection', 'M2_Gallbladder_Dissection', 'CZ_Cleaning_Coagulation', 'M2_Clipping_Cutting', 'M2_Trocar_Placement', 'CZ_Preparation', 'M2_Cleaning_Coagulation', 'CZ_Gallbladder_Packaging', 'M2_Gallbladder_Packaging', 'CZ_Gallbladder_Retraction'}",1719346621,checkpoint_000065,True,False,66,52d63_00000,2024-06-25_22-17-01,75.17803406715393,4956.213508844376,2938761,fb-OMEN-by-HP-45L-Gaming-Desktop-GT22-0xxx,129.69.82.151,4956.213508844376,66
79.00000113248825,3.065805196762085,3.3435093875383606,0.88,0.10364741,"{'GR_Bladder_neck_reconstruction', 'HCH_Cleaning_Coagulation', 'LH_Dividing_Ligament_and_Peritoneum', 'LH_Dividing_Uterine_Vessels_and_Ligament', 'CZ_Clipping_Cutting', 'GR_Seminal_vesicle_dissection', 'LH_Washing', 'HC_Retroperitoneal_preparation_of_duodenum_and_pancreatic_head', 'CA_Rhexis', 'HCH_Galbladder_Packaging', 'GR_Developing_the_Space_of_Retzius', 'CZ_Preparation', 'HC_General_preparation_and_orientation_in_the_abdomen', 'HC_Mobilization_of_splenic_flexure', 'HC_Retroperitoneal_preparation_towards_lower_pancreatic_border', 'CZ_Gallbladder_Packaging', 'GR_Idle', 'HC_Creation_of_stoma', 'HC_Mobilization_of_transverse_colon', 'HCH_Calot_Triangle_Dissection', 'CA_Incision', 'CA_Capsule_Polishing', 'GR_Severing_of_the_prostate_from_the_urethra', 'CA_Viscous_agent_removal', 'HC_Extra-abdominal_preparation_of_anastomosis', 'CZ_Gallbladder_Dissection', 'CZ_Calot_Triangle_Dissection', 'CA_Tonifying_and_antibiotics', 'HC_Mobilization_of_ascending_colon', 'GR_Development_of_the_plane_between_the_prostate_and_rectum', 'CZ_Gallbladder_Retraction', 'GR_Ligation_of_the_deep_dorsal_venous_complex', 'GR_Bladder_neck_identification_and_transection', 'HCH_Preparation', 'HC_Mobilization_of_sigmoid_colon_and_descending_colon', 'LH_Specimen_Removal', 'HC_Intra-abdominal_preparation_of_anastomosis', 'HCH_Galbladder_Dissection', 'LH_Preparation', 'HCH_Clipping_Cutting', 'CA_Hydrodissection', 'CA_Lens_implant_setting-up', 'GR_Prostatic_pedicle_control', 'HC_Dissection_and_resection_of_the_rectum', 'CZ_Cleaning_Coagulation', 'GR_Left_pelvic_isolated_lymphadenectomy', 'LH_Suturing'}","{'M2_Calot_Triangle_Dissection', 'M2_Gallbladder_Retraction', 'CZ_Trocar_Placement', 'M2_Preparation', 'CZ_Clipping_Cutting', 'CZ_Gallbladder_Dissection', 'CZ_Calot_Triangle_Dissection', 'M2_Gallbladder_Dissection', 'CZ_Cleaning_Coagulation', 'M2_Clipping_Cutting', 'M2_Trocar_Placement', 'M2_Cleaning_Coagulation', 'CZ_Gallbladder_Packaging', 'M2_Gallbladder_Packaging', 'CZ_Gallbladder_Retraction'}",1719346696,checkpoint_000066,True,False,67,52d63_00000,2024-06-25_22-18-17,75.40427160263062,5031.617780447006,2938761,fb-OMEN-by-HP-45L-Gaming-Desktop-GT22-0xxx,129.69.82.151,5031.617780447006,67
72.40000116825104,3.523298978805542,3.911366411276272,0.8500001,0.11884969,"{'LH_Transecting_the_Vagina', 'HCH_Cleaning_Coagulation', 'LH_Dividing_Ligament_and_Peritoneum', 'HC_Exception', 'LH_Dividing_Uterine_Vessels_and_Ligament', 'CZ_Clipping_Cutting', 'GR_Seminal_vesicle_dissection', 'LH_Washing', 'HC_Retroperitoneal_preparation_of_duodenum_and_pancreatic_head', 'HCH_Galbladder_Packaging', 'CZ_Preparation', 'HC_General_preparation_and_orientation_in_the_abdomen', 'HC_Mobilization_of_splenic_flexure', 'HC_Retroperitoneal_preparation_towards_lower_pancreatic_border', 'HC_Finalization_of_operation', 'HC_Creation_of_stoma', 'HC_Mobilization_of_transverse_colon', 'HCH_Calot_Triangle_Dissection', 'CA_Capsule_Polishing', 'GR_Severing_of_the_prostate_from_the_urethra', 'CA_Viscous_agent_removal', 'CZ_Gallbladder_Dissection', 'CZ_Calot_Triangle_Dissection', 'CA_Tonifying_and_antibiotics', 'HC_Mobilization_of_ascending_colon', 'GR_Development_of_the_plane_between_the_prostate_and_rectum', 'GR_Ligation_of_the_deep_dorsal_venous_complex', 'CA_Phacoemulsificiation', 'HCH_Galbladder_Retraction', 'GR_Bladder_neck_identification_and_transection', 'HCH_Preparation', 'HC_Mobilization_of_sigmoid_colon_and_descending_colon', 'GR_Right_pelvic_isolated_lymphadenectomy', 'LH_Specimen_Removal', 'HCH_Galbladder_Dissection', 'LH_Preparation', 'CA_Irrigation_and_aspiration', 'HC_Dissection_of_lymph_nodes_and_blood_vessels_en_bloc', 'CA_Hydrodissection', 'CA_Lens_implant_setting-up', 'GR_Prostatic_pedicle_control', 'HC_Dissection_and_resection_of_the_rectum', 'CZ_Cleaning_Coagulation', 'CA_Viscous_agent_injection', 'GR_Left_pelvic_isolated_lymphadenectomy', 'LH_Suturing'}","{'M2_Calot_Triangle_Dissection', 'M2_Gallbladder_Retraction', 'CZ_Trocar_Placement', 'M2_Preparation', 'CZ_Clipping_Cutting', 'CZ_Gallbladder_Dissection', 'CZ_Calot_Triangle_Dissection', 'M2_Gallbladder_Dissection', 'CZ_Cleaning_Coagulation', 'M2_Clipping_Cutting', 'M2_Trocar_Placement', 'CZ_Preparation', 'M2_Cleaning_Coagulation', 'CZ_Gallbladder_Packaging', 'M2_Gallbladder_Packaging', 'CZ_Gallbladder_Retraction'}",1719346771,checkpoint_000067,True,False,68,52d63_00000,2024-06-25_22-19-32,75.0664529800415,5106.684233427048,2938761,fb-OMEN-by-HP-45L-Gaming-Desktop-GT22-0xxx,129.69.82.151,5106.684233427048,68
76.80000115931034,3.401289224624634,3.537569132729139,0.8620001,0.10433789,"{'LH_Transecting_the_Vagina', 'HCH_Cleaning_Coagulation', 'LH_Dividing_Ligament_and_Peritoneum', 'HC_Exception', 'LH_Dividing_Uterine_Vessels_and_Ligament', 'CZ_Clipping_Cutting', 'LH_Washing', 'CA_Rhexis', 'CZ_Preparation', 'HC_General_preparation_and_orientation_in_the_abdomen', 'HC_Finalization_of_operation', 'HC_Retroperitoneal_preparation_towards_lower_pancreatic_border', 'CZ_Gallbladder_Packaging', 'HC_Creation_of_stoma', 'HC_Mobilization_of_transverse_colon', 'HCH_Calot_Triangle_Dissection', 'CA_Incision', 'CA_Capsule_Polishing', 'GR_Severing_of_the_prostate_from_the_urethra', 'CA_Viscous_agent_removal', 'HC_Extra-abdominal_preparation_of_anastomosis', 'CZ_Gallbladder_Dissection', 'CZ_Calot_Triangle_Dissection', 'CA_Tonifying_and_antibiotics', 'HC_Mobilization_of_ascending_colon', 'CZ_Gallbladder_Retraction', 'HCH_Galbladder_Retraction', 'GR_Bladder_neck_identification_and_transection', 'HCH_Preparation', 'GR_Right_pelvic_isolated_lymphadenectomy', 'LH_Specimen_Removal', 'HCH_Galbladder_Dissection', 'LH_Preparation', 'HCH_Clipping_Cutting', 'CA_Irrigation_and_aspiration', 'HC_Dissection_of_lymph_nodes_and_blood_vessels_en_bloc', 'CA_Hydrodissection', 'CA_Lens_implant_setting-up', 'GR_Prostatic_pedicle_control', 'HC_Dissection_and_resection_of_the_rectum', 'CZ_Cleaning_Coagulation', 'CA_Viscous_agent_injection', 'GR_Left_pelvic_isolated_lymphadenectomy', 'LH_Suturing'}","{'M2_Calot_Triangle_Dissection', 'M2_Gallbladder_Retraction', 'CZ_Trocar_Placement', 'M2_Preparation', 'CZ_Clipping_Cutting', 'CZ_Gallbladder_Dissection', 'CZ_Calot_Triangle_Dissection', 'M2_Gallbladder_Dissection', 'CZ_Cleaning_Coagulation', 'M2_Clipping_Cutting', 'M2_Trocar_Placement', 'CZ_Preparation', 'M2_Cleaning_Coagulation', 'CZ_Gallbladder_Packaging', 'M2_Gallbladder_Packaging', 'CZ_Gallbladder_Retraction'}",1719346846,checkpoint_000068,True,False,69,52d63_00000,2024-06-25_22-20-47,74.91389584541321,5181.598129272461,2938761,fb-OMEN-by-HP-45L-Gaming-Desktop-GT22-0xxx,129.69.82.151,5181.598129272461,69
75.20000112056732,3.911759853363037,3.8853507776014795,0.87200004,0.107524626,"{'LH_Transecting_the_Vagina', 'HCH_Cleaning_Coagulation', 'LH_Dividing_Ligament_and_Peritoneum', 'HC_Exception', 'LH_Dividing_Uterine_Vessels_and_Ligament', 'CZ_Clipping_Cutting', 'LH_Washing', 'HC_Retroperitoneal_preparation_of_duodenum_and_pancreatic_head', 'HCH_Galbladder_Packaging', 'GR_Developing_the_Space_of_Retzius', 'CZ_Preparation', 'HC_General_preparation_and_orientation_in_the_abdomen', 'HC_Mobilization_of_splenic_flexure', 'CZ_Gallbladder_Packaging', 'GR_Idle', 'HC_Creation_of_stoma', 'HCH_Calot_Triangle_Dissection', 'CA_Incision', 'CA_Capsule_Polishing', 'CA_Viscous_agent_removal', 'CZ_Gallbladder_Dissection', 'CZ_Calot_Triangle_Dissection', 'CA_Tonifying_and_antibiotics', 'GR_Development_of_the_plane_between_the_prostate_and_rectum', 'CZ_Gallbladder_Retraction', 'CA_Phacoemulsificiation', 'HCH_Galbladder_Retraction', 'GR_Bladder_neck_identification_and_transection', 'HCH_Preparation', 'HC_Mobilization_of_sigmoid_colon_and_descending_colon', 'GR_Right_pelvic_isolated_lymphadenectomy', 'LH_Specimen_Removal', 'HC_Intra-abdominal_preparation_of_anastomosis', 'HCH_Galbladder_Dissection', 'LH_Preparation', 'HCH_Clipping_Cutting', 'CA_Irrigation_and_aspiration', 'HC_Dissection_of_lymph_nodes_and_blood_vessels_en_bloc', 'CA_Hydrodissection', 'CA_Lens_implant_setting-up', 'GR_Prostatic_pedicle_control', 'CZ_Cleaning_Coagulation', 'CA_Viscous_agent_injection', 'GR_Left_pelvic_isolated_lymphadenectomy', 'LH_Suturing'}","{'M2_Calot_Triangle_Dissection', 'M2_Gallbladder_Retraction', 'CZ_Trocar_Placement', 'M2_Preparation', 'CZ_Clipping_Cutting', 'CZ_Gallbladder_Dissection', 'CZ_Calot_Triangle_Dissection', 'M2_Gallbladder_Dissection', 'CZ_Cleaning_Coagulation', 'M2_Clipping_Cutting', 'M2_Trocar_Placement', 'CZ_Preparation', 'M2_Cleaning_Coagulation', 'CZ_Gallbladder_Packaging', 'M2_Gallbladder_Packaging', 'CZ_Gallbladder_Retraction'}",1719346921,checkpoint_000069,True,False,70,52d63_00000,2024-06-25_22-22-02,75.02547359466553,5256.6236028671265,2938761,fb-OMEN-by-HP-45L-Gaming-Desktop-GT22-0xxx,129.69.82.151,5256.6236028671265,70
81.00000096857548,3.3162105083465576,3.2972302450732505,0.8480001,0.119737126,"{'LH_Transecting_the_Vagina', 'HCH_Cleaning_Coagulation', 'LH_Dividing_Ligament_and_Peritoneum', 'HC_Exception', 'LH_Dividing_Uterine_Vessels_and_Ligament', 'CZ_Clipping_Cutting', 'LH_Washing', 'HC_Retroperitoneal_preparation_of_duodenum_and_pancreatic_head', 'CA_Rhexis', 'HCH_Galbladder_Packaging', 'CZ_Preparation', 'HC_General_preparation_and_orientation_in_the_abdomen', 'HC_Mobilization_of_splenic_flexure', 'HC_Retroperitoneal_preparation_towards_lower_pancreatic_border', 'CZ_Gallbladder_Packaging', 'HC_Creation_of_stoma', 'HC_Mobilization_of_transverse_colon', 'HCH_Calot_Triangle_Dissection', 'CA_Incision', 'CA_Capsule_Polishing', 'HC_Extra-abdominal_preparation_of_anastomosis', 'CZ_Gallbladder_Dissection', 'CZ_Calot_Triangle_Dissection', 'CA_Tonifying_and_antibiotics', 'HC_Mobilization_of_ascending_colon', 'GR_Development_of_the_plane_between_the_prostate_and_rectum', 'CZ_Gallbladder_Retraction', 'GR_Ligation_of_the_deep_dorsal_venous_complex', 'HCH_Galbladder_Retraction', 'HCH_Preparation', 'GR_Right_pelvic_isolated_lymphadenectomy', 'LH_Specimen_Removal', 'HC_Intra-abdominal_preparation_of_anastomosis', 'HCH_Galbladder_Dissection', 'HCH_Clipping_Cutting', 'CA_Irrigation_and_aspiration', 'HC_Dissection_of_lymph_nodes_and_blood_vessels_en_bloc', 'CA_Hydrodissection', 'CA_Lens_implant_setting-up', 'GR_Prostatic_pedicle_control', 'HC_Dissection_and_resection_of_the_rectum', 'CZ_Cleaning_Coagulation', 'CA_Viscous_agent_injection', 'GR_Left_pelvic_isolated_lymphadenectomy', 'LH_Suturing'}","{'M2_Calot_Triangle_Dissection', 'M2_Gallbladder_Retraction', 'CZ_Trocar_Placement', 'M2_Preparation', 'CZ_Clipping_Cutting', 'CZ_Gallbladder_Dissection', 'CZ_Calot_Triangle_Dissection', 'M2_Gallbladder_Dissection', 'CZ_Cleaning_Coagulation', 'M2_Clipping_Cutting', 'M2_Trocar_Placement', 'CZ_Preparation', 'M2_Cleaning_Coagulation', 'CZ_Gallbladder_Packaging', 'M2_Gallbladder_Packaging', 'CZ_Gallbladder_Retraction'}",1719346996,checkpoint_000070,True,False,71,52d63_00000,2024-06-25_22-23-17,75.10320401191711,5331.726806879044,2938761,fb-OMEN-by-HP-45L-Gaming-Desktop-GT22-0xxx,129.69.82.151,5331.726806879044,71
78.40000113844872,3.0254552364349365,3.4921016828397358,0.92200005,0.07539819,"{'LH_Transecting_the_Vagina', 'GR_Bladder_neck_reconstruction', 'LH_Dividing_Ligament_and_Peritoneum', 'HC_Exception', 'LH_Dividing_Uterine_Vessels_and_Ligament', 'CZ_Clipping_Cutting', 'LH_Washing', 'HC_Retroperitoneal_preparation_of_duodenum_and_pancreatic_head', 'CA_Rhexis', 'HCH_Galbladder_Packaging', 'GR_Developing_the_Space_of_Retzius', 'CZ_Preparation', 'HC_General_preparation_and_orientation_in_the_abdomen', 'HC_Mobilization_of_splenic_flexure', 'CZ_Gallbladder_Packaging', 'GR_Idle', 'HC_Creation_of_stoma', 'HC_Mobilization_of_transverse_colon', 'HCH_Calot_Triangle_Dissection', 'CA_Capsule_Polishing', 'GR_Severing_of_the_prostate_from_the_urethra', 'CA_Viscous_agent_removal', 'CZ_Gallbladder_Dissection', 'CZ_Calot_Triangle_Dissection', 'CA_Tonifying_and_antibiotics', 'GR_Development_of_the_plane_between_the_prostate_and_rectum', 'CZ_Gallbladder_Retraction', 'HCH_Galbladder_Retraction', 'GR_Bladder_neck_identification_and_transection', 'HCH_Preparation', 'HC_Mobilization_of_sigmoid_colon_and_descending_colon', 'GR_Right_pelvic_isolated_lymphadenectomy', 'LH_Specimen_Removal', 'HC_Intra-abdominal_preparation_of_anastomosis', 'HCH_Galbladder_Dissection', 'LH_Preparation', 'HCH_Clipping_Cutting', 'CA_Irrigation_and_aspiration', 'HC_Dissection_of_lymph_nodes_and_blood_vessels_en_bloc', 'CA_Hydrodissection', 'CA_Lens_implant_setting-up', 'HC_Dissection_and_resection_of_the_rectum', 'CA_Viscous_agent_injection', 'GR_Left_pelvic_isolated_lymphadenectomy'}","{'M2_Calot_Triangle_Dissection', 'M2_Gallbladder_Retraction', 'CZ_Trocar_Placement', 'M2_Preparation', 'CZ_Clipping_Cutting', 'CZ_Gallbladder_Dissection', 'CZ_Calot_Triangle_Dissection', 'M2_Gallbladder_Dissection', 'CZ_Cleaning_Coagulation', 'M2_Clipping_Cutting', 'M2_Trocar_Placement', 'CZ_Preparation', 'M2_Cleaning_Coagulation', 'CZ_Gallbladder_Packaging', 'M2_Gallbladder_Packaging', 'CZ_Gallbladder_Retraction'}",1719347071,checkpoint_000071,True,False,72,52d63_00000,2024-06-25_22-24-32,75.1510238647461,5406.87783074379,2938761,fb-OMEN-by-HP-45L-Gaming-Desktop-GT22-0xxx,129.69.82.151,5406.87783074379,72
81.60000087320805,3.6856791973114014,3.746830965888347,0.91600007,0.07138631,"{'LH_Transecting_the_Vagina', 'GR_Bladder_neck_reconstruction', 'HCH_Cleaning_Coagulation', 'LH_Dividing_Ligament_and_Peritoneum', 'HC_Exception', 'CZ_Clipping_Cutting', 'GR_Seminal_vesicle_dissection', 'LH_Washing', 'HC_Retroperitoneal_preparation_of_duodenum_and_pancreatic_head', 'CA_Rhexis', 'HCH_Galbladder_Packaging', 'GR_Developing_the_Space_of_Retzius', 'CZ_Preparation', 'HC_General_preparation_and_orientation_in_the_abdomen', 'HC_Finalization_of_operation', 'HC_Retroperitoneal_preparation_towards_lower_pancreatic_border', 'CZ_Gallbladder_Packaging', 'GR_Idle', 'HC_Creation_of_stoma', 'HC_Mobilization_of_transverse_colon', 'HCH_Calot_Triangle_Dissection', 'CA_Incision', 'CA_Capsule_Polishing', 'GR_Severing_of_the_prostate_from_the_urethra', 'CA_Viscous_agent_removal', 'CZ_Gallbladder_Dissection', 'CZ_Calot_Triangle_Dissection', 'CA_Tonifying_and_antibiotics', 'HC_Mobilization_of_ascending_colon', 'CZ_Gallbladder_Retraction', 'GR_Ligation_of_the_deep_dorsal_venous_complex', 'CA_Phacoemulsificiation', 'GR_Bladder_neck_identification_and_transection', 'HCH_Preparation', 'HC_Mobilization_of_sigmoid_colon_and_descending_colon', 'LH_Specimen_Removal', 'HCH_Galbladder_Dissection', 'LH_Preparation', 'HCH_Clipping_Cutting', 'CA_Irrigation_and_aspiration', 'HC_Dissection_of_lymph_nodes_and_blood_vessels_en_bloc', 'CA_Hydrodissection', 'CA_Lens_implant_setting-up', 'GR_Prostatic_pedicle_control', 'HC_Dissection_and_resection_of_the_rectum', 'CZ_Cleaning_Coagulation', 'CA_Viscous_agent_injection', 'GR_Left_pelvic_isolated_lymphadenectomy', 'LH_Suturing'}","{'M2_Calot_Triangle_Dissection', 'M2_Gallbladder_Retraction', 'CZ_Trocar_Placement', 'M2_Preparation', 'CZ_Clipping_Cutting', 'CZ_Gallbladder_Dissection', 'CZ_Calot_Triangle_Dissection', 'M2_Gallbladder_Dissection', 'CZ_Cleaning_Coagulation', 'M2_Clipping_Cutting', 'M2_Trocar_Placement', 'CZ_Preparation', 'M2_Cleaning_Coagulation', 'CZ_Gallbladder_Packaging', 'M2_Gallbladder_Packaging', 'CZ_Gallbladder_Retraction'}",1719347147,checkpoint_000072,True,False,73,52d63_00000,2024-06-25_22-25-47,75.18561291694641,5482.063443660736,2938761,fb-OMEN-by-HP-45L-Gaming-Desktop-GT22-0xxx,129.69.82.151,5482.063443660736,73
80.80000089108944,3.76823353767395,3.7155313182748406,0.938,0.0492191,"{'LH_Transecting_the_Vagina', 'GR_Bladder_neck_reconstruction', 'HCH_Cleaning_Coagulation', 'LH_Dividing_Uterine_Vessels_and_Ligament', 'CZ_Clipping_Cutting', 'GR_Seminal_vesicle_dissection', 'LH_Washing', 'HC_Retroperitoneal_preparation_of_duodenum_and_pancreatic_head', 'CA_Rhexis', 'HCH_Galbladder_Packaging', 'GR_Developing_the_Space_of_Retzius', 'CZ_Preparation', 'HC_General_preparation_and_orientation_in_the_abdomen', 'HC_Mobilization_of_splenic_flexure', 'HC_Retroperitoneal_preparation_towards_lower_pancreatic_border', 'HC_Finalization_of_operation', 'CZ_Gallbladder_Packaging', 'GR_Idle', 'HC_Creation_of_stoma', 'HCH_Calot_Triangle_Dissection', 'CA_Incision', 'CA_Capsule_Polishing', 'GR_Severing_of_the_prostate_from_the_urethra', 'CZ_Gallbladder_Dissection', 'CZ_Calot_Triangle_Dissection', 'CA_Tonifying_and_antibiotics', 'GR_Development_of_the_plane_between_the_prostate_and_rectum', 'CZ_Gallbladder_Retraction', 'GR_Ligation_of_the_deep_dorsal_venous_complex', 'CA_Phacoemulsificiation', 'HCH_Galbladder_Retraction', 'GR_Bladder_neck_identification_and_transection', 'HCH_Preparation', 'HC_Mobilization_of_sigmoid_colon_and_descending_colon', 'LH_Specimen_Removal', 'HCH_Galbladder_Dissection', 'LH_Preparation', 'HCH_Clipping_Cutting', 'CA_Irrigation_and_aspiration', 'HC_Dissection_of_lymph_nodes_and_blood_vessels_en_bloc', 'CA_Hydrodissection', 'CA_Lens_implant_setting-up', 'GR_Prostatic_pedicle_control', 'HC_Dissection_and_resection_of_the_rectum', 'CZ_Cleaning_Coagulation', 'CA_Viscous_agent_injection', 'GR_Left_pelvic_isolated_lymphadenectomy', 'LH_Suturing'}","{'M2_Calot_Triangle_Dissection', 'M2_Gallbladder_Retraction', 'CZ_Trocar_Placement', 'M2_Preparation', 'CZ_Clipping_Cutting', 'CZ_Gallbladder_Dissection', 'CZ_Calot_Triangle_Dissection', 'M2_Gallbladder_Dissection', 'CZ_Cleaning_Coagulation', 'M2_Clipping_Cutting', 'M2_Trocar_Placement', 'CZ_Preparation', 'M2_Cleaning_Coagulation', 'CZ_Gallbladder_Packaging', 'M2_Gallbladder_Packaging', 'CZ_Gallbladder_Retraction'}",1719347222,checkpoint_000073,True,False,74,52d63_00000,2024-06-25_22-27-02,75.19786071777344,5557.2613043785095,2938761,fb-OMEN-by-HP-45L-Gaming-Desktop-GT22-0xxx,129.69.82.151,5557.2613043785095,74
78.20000104606152,3.732731342315674,3.5538209671579204,0.90200007,0.08751136,"{'LH_Transecting_the_Vagina', 'GR_Bladder_neck_reconstruction', 'HCH_Cleaning_Coagulation', 'LH_Dividing_Ligament_and_Peritoneum', 'LH_Dividing_Uterine_Vessels_and_Ligament', 'CZ_Clipping_Cutting', 'LH_Washing', 'HC_Retroperitoneal_preparation_of_duodenum_and_pancreatic_head', 'CA_Rhexis', 'HCH_Galbladder_Packaging', 'GR_Developing_the_Space_of_Retzius', 'CZ_Preparation', 'HC_Mobilization_of_splenic_flexure', 'HC_Finalization_of_operation', 'CZ_Gallbladder_Packaging', 'GR_Idle', 'HC_Creation_of_stoma', 'HC_Mobilization_of_transverse_colon', 'HCH_Calot_Triangle_Dissection', 'CA_Incision', 'CA_Capsule_Polishing', 'GR_Severing_of_the_prostate_from_the_urethra', 'CA_Viscous_agent_removal', 'HC_Extra-abdominal_preparation_of_anastomosis', 'CZ_Gallbladder_Dissection', 'CZ_Calot_Triangle_Dissection', 'CA_Tonifying_and_antibiotics', 'GR_Development_of_the_plane_between_the_prostate_and_rectum', 'CZ_Gallbladder_Retraction', 'GR_Ligation_of_the_deep_dorsal_venous_complex', 'CA_Phacoemulsificiation', 'HCH_Galbladder_Retraction', 'HCH_Preparation', 'HC_Mobilization_of_sigmoid_colon_and_descending_colon', 'LH_Specimen_Removal', 'HCH_Galbladder_Dissection', 'LH_Preparation', 'HCH_Clipping_Cutting', 'HC_Dissection_of_lymph_nodes_and_blood_vessels_en_bloc', 'CA_Hydrodissection', 'CA_Lens_implant_setting-up', 'GR_Prostatic_pedicle_control', 'HC_Dissection_and_resection_of_the_rectum', 'CZ_Cleaning_Coagulation', 'GR_Left_pelvic_isolated_lymphadenectomy', 'LH_Suturing'}","{'M2_Calot_Triangle_Dissection', 'M2_Gallbladder_Retraction', 'CZ_Trocar_Placement', 'M2_Preparation', 'CZ_Clipping_Cutting', 'CZ_Gallbladder_Dissection', 'CZ_Calot_Triangle_Dissection', 'M2_Gallbladder_Dissection', 'CZ_Cleaning_Coagulation', 'M2_Clipping_Cutting', 'M2_Trocar_Placement', 'CZ_Preparation', 'M2_Cleaning_Coagulation', 'CZ_Gallbladder_Packaging', 'M2_Gallbladder_Packaging', 'CZ_Gallbladder_Retraction'}",1719347297,checkpoint_000074,True,False,75,52d63_00000,2024-06-25_22-28-17,75.01159715652466,5632.272901535034,2938761,fb-OMEN-by-HP-45L-Gaming-Desktop-GT22-0xxx,129.69.82.151,5632.272901535034,75
74.40000127255917,3.584139585494995,3.4655991612524772,0.88800013,0.08879958,"{'LH_Transecting_the_Vagina', 'HCH_Cleaning_Coagulation', 'LH_Dividing_Ligament_and_Peritoneum', 'HC_Exception', 'LH_Dividing_Uterine_Vessels_and_Ligament', 'CZ_Clipping_Cutting', 'GR_Seminal_vesicle_dissection', 'LH_Washing', 'HC_Retroperitoneal_preparation_of_duodenum_and_pancreatic_head', 'CA_Rhexis', 'HCH_Galbladder_Packaging', 'GR_Developing_the_Space_of_Retzius', 'CZ_Preparation', 'HC_General_preparation_and_orientation_in_the_abdomen', 'HC_Finalization_of_operation', 'HC_Retroperitoneal_preparation_towards_lower_pancreatic_border', 'CZ_Gallbladder_Packaging', 'GR_Idle', 'HC_Mobilization_of_transverse_colon', 'HCH_Calot_Triangle_Dissection', 'CA_Incision', 'CA_Capsule_Polishing', 'GR_Severing_of_the_prostate_from_the_urethra', 'CA_Viscous_agent_removal', 'HC_Extra-abdominal_preparation_of_anastomosis', 'CZ_Gallbladder_Dissection', 'CZ_Calot_Triangle_Dissection', 'CA_Tonifying_and_antibiotics', 'HC_Mobilization_of_ascending_colon', 'GR_Development_of_the_plane_between_the_prostate_and_rectum', 'CZ_Gallbladder_Retraction', 'HCH_Galbladder_Retraction', 'HCH_Preparation', 'HC_Mobilization_of_sigmoid_colon_and_descending_colon', 'GR_Right_pelvic_isolated_lymphadenectomy', 'LH_Specimen_Removal', 'HC_Intra-abdominal_preparation_of_anastomosis', 'HCH_Galbladder_Dissection', 'LH_Preparation', 'HCH_Clipping_Cutting', 'CA_Irrigation_and_aspiration', 'HC_Dissection_of_lymph_nodes_and_blood_vessels_en_bloc', 'CA_Hydrodissection', 'CA_Lens_implant_setting-up', 'GR_Prostatic_pedicle_control', 'HC_Dissection_and_resection_of_the_rectum', 'CZ_Cleaning_Coagulation', 'CA_Viscous_agent_injection', 'GR_Left_pelvic_isolated_lymphadenectomy'}","{'M2_Calot_Triangle_Dissection', 'M2_Gallbladder_Retraction', 'CZ_Trocar_Placement', 'M2_Preparation', 'CZ_Clipping_Cutting', 'CZ_Gallbladder_Dissection', 'CZ_Calot_Triangle_Dissection', 'M2_Gallbladder_Dissection', 'CZ_Cleaning_Coagulation', 'M2_Clipping_Cutting', 'M2_Trocar_Placement', 'CZ_Preparation', 'M2_Cleaning_Coagulation', 'CZ_Gallbladder_Packaging', 'M2_Gallbladder_Packaging', 'CZ_Gallbladder_Retraction'}",1719347372,checkpoint_000075,True,False,76,52d63_00000,2024-06-25_22-29-32,75.01426529884338,5707.287166833878,2938761,fb-OMEN-by-HP-45L-Gaming-Desktop-GT22-0xxx,129.69.82.151,5707.287166833878,76
71.2000011652708,5.399981498718262,4.269741949400163,0.90600014,0.073658615,"{'LH_Transecting_the_Vagina', 'HCH_Cleaning_Coagulation', 'LH_Dividing_Ligament_and_Peritoneum', 'HC_Exception', 'LH_Dividing_Uterine_Vessels_and_Ligament', 'CZ_Clipping_Cutting', 'GR_Seminal_vesicle_dissection', 'LH_Washing', 'HC_Retroperitoneal_preparation_of_duodenum_and_pancreatic_head', 'HCH_Galbladder_Packaging', 'GR_Developing_the_Space_of_Retzius', 'HC_Finalization_of_operation', 'HC_Mobilization_of_splenic_flexure', 'CZ_Preparation', 'HC_General_preparation_and_orientation_in_the_abdomen', 'CZ_Gallbladder_Packaging', 'GR_Idle', 'HC_Creation_of_stoma', 'HCH_Calot_Triangle_Dissection', 'CA_Incision', 'CA_Capsule_Polishing', 'GR_Severing_of_the_prostate_from_the_urethra', 'CZ_Gallbladder_Dissection', 'CZ_Calot_Triangle_Dissection', 'CA_Tonifying_and_antibiotics', 'CZ_Gallbladder_Retraction', 'GR_Ligation_of_the_deep_dorsal_venous_complex', 'CA_Phacoemulsificiation', 'HCH_Galbladder_Retraction', 'GR_Bladder_neck_identification_and_transection', 'HCH_Preparation', 'HC_Mobilization_of_sigmoid_colon_and_descending_colon', 'GR_Right_pelvic_isolated_lymphadenectomy', 'LH_Specimen_Removal', 'HC_Intra-abdominal_preparation_of_anastomosis', 'HCH_Galbladder_Dissection', 'LH_Preparation', 'HCH_Clipping_Cutting', 'CA_Irrigation_and_aspiration', 'HC_Dissection_of_lymph_nodes_and_blood_vessels_en_bloc', 'CA_Hydrodissection', 'CA_Lens_implant_setting-up', 'GR_Prostatic_pedicle_control', 'HC_Dissection_and_resection_of_the_rectum', 'GR_Left_pelvic_isolated_lymphadenectomy'}","{'M2_Calot_Triangle_Dissection', 'M2_Gallbladder_Retraction', 'CZ_Trocar_Placement', 'M2_Preparation', 'CZ_Clipping_Cutting', 'CZ_Gallbladder_Dissection', 'CZ_Calot_Triangle_Dissection', 'M2_Gallbladder_Dissection', 'CZ_Cleaning_Coagulation', 'M2_Clipping_Cutting', 'M2_Trocar_Placement', 'CZ_Preparation', 'M2_Cleaning_Coagulation', 'CZ_Gallbladder_Packaging', 'M2_Gallbladder_Packaging', 'CZ_Gallbladder_Retraction'}",1719347447,checkpoint_000076,True,False,77,52d63_00000,2024-06-25_22-30-47,75.02649116516113,5782.313657999039,2938761,fb-OMEN-by-HP-45L-Gaming-Desktop-GT22-0xxx,129.69.82.151,5782.313657999039,77
77.60000111162663,3.9955668449401855,3.5618112024727346,0.9100001,0.08238992,"{'LH_Transecting_the_Vagina', 'GR_Bladder_neck_reconstruction', 'HCH_Cleaning_Coagulation', 'LH_Dividing_Ligament_and_Peritoneum', 'LH_Dividing_Uterine_Vessels_and_Ligament', 'CZ_Clipping_Cutting', 'GR_Seminal_vesicle_dissection', 'LH_Washing', 'CA_Rhexis', 'HCH_Galbladder_Packaging', 'GR_Developing_the_Space_of_Retzius', 'CZ_Preparation', 'HC_General_preparation_and_orientation_in_the_abdomen', 'HC_Mobilization_of_splenic_flexure', 'HC_Retroperitoneal_preparation_towards_lower_pancreatic_border', 'CZ_Gallbladder_Packaging', 'GR_Idle', 'HC_Creation_of_stoma', 'HCH_Calot_Triangle_Dissection', 'CA_Incision', 'CA_Capsule_Polishing', 'GR_Severing_of_the_prostate_from_the_urethra', 'CA_Viscous_agent_removal', 'CZ_Gallbladder_Dissection', 'CZ_Calot_Triangle_Dissection', 'CA_Tonifying_and_antibiotics', 'HC_Mobilization_of_ascending_colon', 'GR_Development_of_the_plane_between_the_prostate_and_rectum', 'CZ_Gallbladder_Retraction', 'GR_Ligation_of_the_deep_dorsal_venous_complex', 'HCH_Galbladder_Retraction', 'GR_Bladder_neck_identification_and_transection', 'HCH_Preparation', 'HC_Mobilization_of_sigmoid_colon_and_descending_colon', 'LH_Specimen_Removal', 'HCH_Galbladder_Dissection', 'LH_Preparation', 'HCH_Clipping_Cutting', 'CA_Irrigation_and_aspiration', 'HC_Dissection_of_lymph_nodes_and_blood_vessels_en_bloc', 'CA_Hydrodissection', 'CA_Lens_implant_setting-up', 'HC_Dissection_and_resection_of_the_rectum', 'CZ_Cleaning_Coagulation', 'CA_Viscous_agent_injection', 'GR_Left_pelvic_isolated_lymphadenectomy', 'LH_Suturing'}","{'M2_Calot_Triangle_Dissection', 'M2_Gallbladder_Retraction', 'CZ_Trocar_Placement', 'M2_Preparation', 'CZ_Clipping_Cutting', 'CZ_Gallbladder_Dissection', 'CZ_Calot_Triangle_Dissection', 'M2_Gallbladder_Dissection', 'CZ_Cleaning_Coagulation', 'M2_Clipping_Cutting', 'M2_Trocar_Placement', 'CZ_Preparation', 'M2_Cleaning_Coagulation', 'CZ_Gallbladder_Packaging', 'M2_Gallbladder_Packaging', 'CZ_Gallbladder_Retraction'}",1719347522,checkpoint_000077,True,False,78,52d63_00000,2024-06-25_22-32-02,74.98390221595764,5857.297560214996,2938761,fb-OMEN-by-HP-45L-Gaming-Desktop-GT22-0xxx,129.69.82.151,5857.297560214996,78
78.60000112652779,3.5968780517578125,3.337989777347299,0.92200005,0.06604163,"{'LH_Transecting_the_Vagina', 'GR_Bladder_neck_reconstruction', 'HCH_Cleaning_Coagulation', 'LH_Dividing_Ligament_and_Peritoneum', 'HC_Exception', 'LH_Dividing_Uterine_Vessels_and_Ligament', 'GR_Seminal_vesicle_dissection', 'LH_Washing', 'CA_Rhexis', 'HCH_Galbladder_Packaging', 'GR_Developing_the_Space_of_Retzius', 'CZ_Preparation', 'HC_Mobilization_of_splenic_flexure', 'HC_Finalization_of_operation', 'HC_Retroperitoneal_preparation_towards_lower_pancreatic_border', 'CZ_Gallbladder_Packaging', 'HC_Creation_of_stoma', 'HC_Mobilization_of_transverse_colon', 'HCH_Calot_Triangle_Dissection', 'CA_Incision', 'CA_Capsule_Polishing', 'HC_Extra-abdominal_preparation_of_anastomosis', 'CZ_Gallbladder_Dissection', 'CZ_Calot_Triangle_Dissection', 'CA_Tonifying_and_antibiotics', 'HC_Mobilization_of_ascending_colon', 'GR_Development_of_the_plane_between_the_prostate_and_rectum', 'GR_Ligation_of_the_deep_dorsal_venous_complex', 'CA_Phacoemulsificiation', 'HCH_Galbladder_Retraction', 'GR_Bladder_neck_identification_and_transection', 'HCH_Preparation', 'GR_Right_pelvic_isolated_lymphadenectomy', 'LH_Specimen_Removal', 'HC_Intra-abdominal_preparation_of_anastomosis', 'HCH_Galbladder_Dissection', 'LH_Preparation', 'HCH_Clipping_Cutting', 'HC_Dissection_of_lymph_nodes_and_blood_vessels_en_bloc', 'CA_Lens_implant_setting-up', 'GR_Prostatic_pedicle_control', 'CZ_Cleaning_Coagulation', 'CA_Viscous_agent_injection', 'CA_Irrigation_and_aspiration', 'LH_Suturing'}","{'M2_Calot_Triangle_Dissection', 'M2_Gallbladder_Retraction', 'CZ_Trocar_Placement', 'M2_Preparation', 'CZ_Clipping_Cutting', 'CZ_Gallbladder_Dissection', 'CZ_Calot_Triangle_Dissection', 'M2_Gallbladder_Dissection', 'CZ_Cleaning_Coagulation', 'M2_Clipping_Cutting', 'M2_Trocar_Placement', 'CZ_Preparation', 'M2_Cleaning_Coagulation', 'CZ_Gallbladder_Packaging', 'M2_Gallbladder_Packaging', 'CZ_Gallbladder_Retraction'}",1719347597,checkpoint_000078,True,False,79,52d63_00000,2024-06-25_22-33-17,74.85198497772217,5932.1495451927185,2938761,fb-OMEN-by-HP-45L-Gaming-Desktop-GT22-0xxx,129.69.82.151,5932.1495451927185,79
78.20000118017197,4.189055919647217,3.284155176620679,0.89200014,0.07872318,"{'LH_Transecting_the_Vagina', 'GR_Bladder_neck_reconstruction', 'HCH_Cleaning_Coagulation', 'LH_Dividing_Ligament_and_Peritoneum', 'HC_Exception', 'LH_Dividing_Uterine_Vessels_and_Ligament', 'CZ_Clipping_Cutting', 'GR_Seminal_vesicle_dissection', 'LH_Washing', 'HC_Retroperitoneal_preparation_of_duodenum_and_pancreatic_head', 'CA_Rhexis', 'HCH_Galbladder_Packaging', 'GR_Developing_the_Space_of_Retzius', 'HC_Finalization_of_operation', 'HC_Mobilization_of_splenic_flexure', 'CZ_Preparation', 'HC_Retroperitoneal_preparation_towards_lower_pancreatic_border', 'CZ_Gallbladder_Packaging', 'GR_Idle', 'HC_Creation_of_stoma', 'HC_Mobilization_of_transverse_colon', 'HCH_Calot_Triangle_Dissection', 'CA_Incision', 'CA_Capsule_Polishing', 'GR_Severing_of_the_prostate_from_the_urethra', 'CA_Viscous_agent_removal', 'HC_Extra-abdominal_preparation_of_anastomosis', 'CZ_Gallbladder_Dissection', 'CZ_Calot_Triangle_Dissection', 'CA_Tonifying_and_antibiotics', 'HC_Mobilization_of_ascending_colon', 'GR_Development_of_the_plane_between_the_prostate_and_rectum', 'CZ_Gallbladder_Retraction', 'GR_Ligation_of_the_deep_dorsal_venous_complex', 'CA_Phacoemulsificiation', 'HCH_Galbladder_Retraction', 'GR_Bladder_neck_identification_and_transection', 'HCH_Preparation', 'HC_Mobilization_of_sigmoid_colon_and_descending_colon', 'GR_Right_pelvic_isolated_lymphadenectomy', 'HC_Intra-abdominal_preparation_of_anastomosis', 'HCH_Galbladder_Dissection', 'LH_Preparation', 'HCH_Clipping_Cutting', 'CA_Irrigation_and_aspiration', 'HC_Dissection_of_lymph_nodes_and_blood_vessels_en_bloc', 'HC_Dissection_and_resection_of_the_rectum', 'CZ_Cleaning_Coagulation', 'CA_Viscous_agent_injection', 'GR_Left_pelvic_isolated_lymphadenectomy', 'LH_Suturing'}","{'M2_Calot_Triangle_Dissection', 'M2_Gallbladder_Retraction', 'CZ_Trocar_Placement', 'M2_Preparation', 'CZ_Clipping_Cutting', 'CZ_Gallbladder_Dissection', 'CZ_Calot_Triangle_Dissection', 'M2_Gallbladder_Dissection', 'CZ_Cleaning_Coagulation', 'M2_Clipping_Cutting', 'M2_Trocar_Placement', 'CZ_Preparation', 'M2_Cleaning_Coagulation', 'CZ_Gallbladder_Packaging', 'M2_Gallbladder_Packaging', 'CZ_Gallbladder_Retraction'}",1719347672,checkpoint_000079,True,False,80,52d63_00000,2024-06-25_22-34-32,75.08287739753723,6007.232422590256,2938761,fb-OMEN-by-HP-45L-Gaming-Desktop-GT22-0xxx,129.69.82.151,6007.232422590256,80
75.20000112056732,5.794382572174072,3.6822969340893534,0.94600004,0.06586675,"{'LH_Transecting_the_Vagina', 'GR_Bladder_neck_reconstruction', 'HCH_Cleaning_Coagulation', 'LH_Dividing_Ligament_and_Peritoneum', 'HC_Exception', 'LH_Dividing_Uterine_Vessels_and_Ligament', 'CZ_Clipping_Cutting', 'LH_Washing', 'HC_Retroperitoneal_preparation_of_duodenum_and_pancreatic_head', 'CA_Rhexis', 'HCH_Galbladder_Packaging', 'GR_Developing_the_Space_of_Retzius', 'CZ_Preparation', 'HC_General_preparation_and_orientation_in_the_abdomen', 'HC_Mobilization_of_splenic_flexure', 'HC_Retroperitoneal_preparation_towards_lower_pancreatic_border', 'CZ_Gallbladder_Packaging', 'GR_Idle', 'HC_Creation_of_stoma', 'HCH_Calot_Triangle_Dissection', 'CA_Incision', 'CA_Capsule_Polishing', 'GR_Severing_of_the_prostate_from_the_urethra', 'CA_Viscous_agent_removal', 'CZ_Gallbladder_Dissection', 'CA_Tonifying_and_antibiotics', 'GR_Development_of_the_plane_between_the_prostate_and_rectum', 'CZ_Gallbladder_Retraction', 'GR_Ligation_of_the_deep_dorsal_venous_complex', 'CA_Phacoemulsificiation', 'HCH_Galbladder_Retraction', 'GR_Bladder_neck_identification_and_transection', 'HCH_Preparation', 'HC_Mobilization_of_sigmoid_colon_and_descending_colon', 'GR_Right_pelvic_isolated_lymphadenectomy', 'LH_Specimen_Removal', 'HC_Intra-abdominal_preparation_of_anastomosis', 'HCH_Clipping_Cutting', 'CA_Irrigation_and_aspiration', 'HC_Dissection_of_lymph_nodes_and_blood_vessels_en_bloc', 'CA_Hydrodissection', 'CA_Lens_implant_setting-up', 'HC_Dissection_and_resection_of_the_rectum', 'CZ_Cleaning_Coagulation', 'GR_Left_pelvic_isolated_lymphadenectomy'}","{'M2_Calot_Triangle_Dissection', 'M2_Gallbladder_Retraction', 'CZ_Trocar_Placement', 'M2_Preparation', 'CZ_Clipping_Cutting', 'CZ_Gallbladder_Dissection', 'CZ_Calot_Triangle_Dissection', 'M2_Gallbladder_Dissection', 'CZ_Cleaning_Coagulation', 'M2_Clipping_Cutting', 'M2_Trocar_Placement', 'CZ_Preparation', 'M2_Cleaning_Coagulation', 'CZ_Gallbladder_Packaging', 'M2_Gallbladder_Packaging', 'CZ_Gallbladder_Retraction'}",1719347747,checkpoint_000080,True,False,81,52d63_00000,2024-06-25_22-35-47,74.98247575759888,6082.214898347855,2938761,fb-OMEN-by-HP-45L-Gaming-Desktop-GT22-0xxx,129.69.82.151,6082.214898347855,81
80.80000104010105,4.691826820373535,3.1807604357455004,0.9220001,0.0641816,"{'LH_Transecting_the_Vagina', 'HCH_Cleaning_Coagulation', 'LH_Dividing_Ligament_and_Peritoneum', 'LH_Dividing_Uterine_Vessels_and_Ligament', 'CZ_Clipping_Cutting', 'GR_Seminal_vesicle_dissection', 'LH_Washing', 'HC_Retroperitoneal_preparation_of_duodenum_and_pancreatic_head', 'CA_Rhexis', 'HCH_Galbladder_Packaging', 'GR_Developing_the_Space_of_Retzius', 'CZ_Preparation', 'HC_Finalization_of_operation', 'HC_Retroperitoneal_preparation_towards_lower_pancreatic_border', 'CZ_Gallbladder_Packaging', 'GR_Idle', 'HCH_Calot_Triangle_Dissection', 'GR_Severing_of_the_prostate_from_the_urethra', 'CA_Viscous_agent_removal', 'HC_Extra-abdominal_preparation_of_anastomosis', 'CZ_Gallbladder_Dissection', 'CZ_Calot_Triangle_Dissection', 'CA_Tonifying_and_antibiotics', 'HC_Mobilization_of_ascending_colon', 'GR_Development_of_the_plane_between_the_prostate_and_rectum', 'HCH_Galbladder_Retraction', 'HCH_Preparation', 'HC_Mobilization_of_sigmoid_colon_and_descending_colon', 'GR_Right_pelvic_isolated_lymphadenectomy', 'LH_Specimen_Removal', 'HC_Intra-abdominal_preparation_of_anastomosis', 'HCH_Galbladder_Dissection', 'LH_Preparation', 'HCH_Clipping_Cutting', 'CA_Irrigation_and_aspiration', 'HC_Dissection_of_lymph_nodes_and_blood_vessels_en_bloc', 'CA_Hydrodissection', 'CA_Lens_implant_setting-up', 'HC_Dissection_and_resection_of_the_rectum', 'CZ_Cleaning_Coagulation', 'CA_Viscous_agent_injection', 'GR_Left_pelvic_isolated_lymphadenectomy', 'LH_Suturing'}","{'M2_Calot_Triangle_Dissection', 'M2_Gallbladder_Retraction', 'CZ_Trocar_Placement', 'M2_Preparation', 'CZ_Clipping_Cutting', 'CZ_Gallbladder_Dissection', 'CZ_Calot_Triangle_Dissection', 'M2_Gallbladder_Dissection', 'CZ_Cleaning_Coagulation', 'M2_Clipping_Cutting', 'M2_Trocar_Placement', 'CZ_Preparation', 'M2_Cleaning_Coagulation', 'CZ_Gallbladder_Packaging', 'M2_Gallbladder_Packaging', 'CZ_Gallbladder_Retraction'}",1719347822,checkpoint_000081,True,False,82,52d63_00000,2024-06-25_22-37-03,75.51769495010376,6157.732593297958,2938761,fb-OMEN-by-HP-45L-Gaming-Desktop-GT22-0xxx,129.69.82.151,6157.732593297958,82
78.40000100433826,5.63322639465332,3.746830963688307,0.91,0.079412945,"{'LH_Transecting_the_Vagina', 'HCH_Cleaning_Coagulation', 'LH_Dividing_Ligament_and_Peritoneum', 'HC_Exception', 'LH_Dividing_Uterine_Vessels_and_Ligament', 'LH_Washing', 'HC_Retroperitoneal_preparation_of_duodenum_and_pancreatic_head', 'HCH_Galbladder_Packaging', 'CZ_Preparation', 'HC_Mobilization_of_splenic_flexure', 'HC_General_preparation_and_orientation_in_the_abdomen', 'HC_Retroperitoneal_preparation_towards_lower_pancreatic_border', 'CZ_Gallbladder_Packaging', 'GR_Idle', 'HC_Creation_of_stoma', 'HC_Mobilization_of_transverse_colon', 'HCH_Calot_Triangle_Dissection', 'CA_Incision', 'CA_Capsule_Polishing', 'GR_Severing_of_the_prostate_from_the_urethra', 'CA_Viscous_agent_removal', 'HC_Extra-abdominal_preparation_of_anastomosis', 'CZ_Calot_Triangle_Dissection', 'CA_Tonifying_and_antibiotics', 'CZ_Gallbladder_Retraction', 'GR_Ligation_of_the_deep_dorsal_venous_complex', 'HCH_Galbladder_Retraction', 'GR_Bladder_neck_identification_and_transection', 'HCH_Preparation', 'HC_Mobilization_of_sigmoid_colon_and_descending_colon', 'GR_Right_pelvic_isolated_lymphadenectomy', 'LH_Specimen_Removal', 'HCH_Galbladder_Dissection', 'LH_Preparation', 'CA_Hydrodissection', 'CA_Lens_implant_setting-up', 'GR_Prostatic_pedicle_control', 'CZ_Cleaning_Coagulation', 'CA_Viscous_agent_injection', 'CA_Irrigation_and_aspiration', 'LH_Suturing'}","{'M2_Calot_Triangle_Dissection', 'M2_Gallbladder_Retraction', 'CZ_Trocar_Placement', 'M2_Preparation', 'CZ_Clipping_Cutting', 'CZ_Gallbladder_Dissection', 'CZ_Calot_Triangle_Dissection', 'M2_Gallbladder_Dissection', 'CZ_Cleaning_Coagulation', 'M2_Clipping_Cutting', 'M2_Trocar_Placement', 'CZ_Preparation', 'M2_Cleaning_Coagulation', 'CZ_Gallbladder_Packaging', 'M2_Gallbladder_Packaging', 'CZ_Gallbladder_Retraction'}",1719347898,checkpoint_000082,True,False,83,52d63_00000,2024-06-25_22-38-18,75.29650473594666,6233.029098033905,2938761,fb-OMEN-by-HP-45L-Gaming-Desktop-GT22-0xxx,129.69.82.151,6233.029098033905,83
77.60000115633011,3.228111743927002,3.3848466716779617,0.9240001,0.07504139,"{'LH_Transecting_the_Vagina', 'GR_Bladder_neck_reconstruction', 'LH_Dividing_Ligament_and_Peritoneum', 'HC_Exception', 'LH_Dividing_Uterine_Vessels_and_Ligament', 'CZ_Clipping_Cutting', 'GR_Seminal_vesicle_dissection', 'LH_Washing', 'CA_Rhexis', 'HCH_Galbladder_Packaging', 'GR_Developing_the_Space_of_Retzius', 'CZ_Preparation', 'HC_General_preparation_and_orientation_in_the_abdomen', 'HC_Mobilization_of_splenic_flexure', 'HC_Retroperitoneal_preparation_towards_lower_pancreatic_border', 'GR_Idle', 'HC_Creation_of_stoma', 'HC_Mobilization_of_transverse_colon', 'HCH_Calot_Triangle_Dissection', 'CA_Incision', 'CA_Capsule_Polishing', 'GR_Severing_of_the_prostate_from_the_urethra', 'CA_Viscous_agent_removal', 'HC_Extra-abdominal_preparation_of_anastomosis', 'CZ_Gallbladder_Dissection', 'CA_Tonifying_and_antibiotics', 'GR_Development_of_the_plane_between_the_prostate_and_rectum', 'CZ_Gallbladder_Retraction', 'GR_Ligation_of_the_deep_dorsal_venous_complex', 'CA_Phacoemulsificiation', 'HCH_Galbladder_Retraction', 'GR_Bladder_neck_identification_and_transection', 'HCH_Preparation', 'HC_Mobilization_of_sigmoid_colon_and_descending_colon', 'GR_Right_pelvic_isolated_lymphadenectomy', 'LH_Specimen_Removal', 'HC_Intra-abdominal_preparation_of_anastomosis', 'HCH_Galbladder_Dissection', 'LH_Preparation', 'HCH_Clipping_Cutting', 'CA_Irrigation_and_aspiration', 'HC_Dissection_of_lymph_nodes_and_blood_vessels_en_bloc', 'CA_Hydrodissection', 'CA_Lens_implant_setting-up', 'GR_Prostatic_pedicle_control', 'CZ_Cleaning_Coagulation', 'GR_Left_pelvic_isolated_lymphadenectomy', 'LH_Suturing'}","{'M2_Calot_Triangle_Dissection', 'M2_Gallbladder_Retraction', 'CZ_Trocar_Placement', 'CZ_Clipping_Cutting', 'CZ_Gallbladder_Dissection', 'CZ_Calot_Triangle_Dissection', 'M2_Gallbladder_Dissection', 'CZ_Cleaning_Coagulation', 'M2_Clipping_Cutting', 'M2_Trocar_Placement', 'CZ_Preparation', 'M2_Cleaning_Coagulation', 'CZ_Gallbladder_Packaging', 'M2_Gallbladder_Packaging', 'CZ_Gallbladder_Retraction'}",1719347973,checkpoint_000083,True,False,84,52d63_00000,2024-06-25_22-39-34,75.21007871627808,6308.239176750183,2938761,fb-OMEN-by-HP-45L-Gaming-Desktop-GT22-0xxx,129.69.82.151,6308.239176750183,84
77.40000109374523,3.6716036796569824,3.6628408424680083,0.926,0.064092495,"{'LH_Transecting_the_Vagina', 'HCH_Cleaning_Coagulation', 'LH_Dividing_Ligament_and_Peritoneum', 'LH_Dividing_Uterine_Vessels_and_Ligament', 'CZ_Clipping_Cutting', 'GR_Seminal_vesicle_dissection', 'LH_Washing', 'HC_Retroperitoneal_preparation_of_duodenum_and_pancreatic_head', 'CA_Rhexis', 'HCH_Galbladder_Packaging', 'GR_Developing_the_Space_of_Retzius', 'CZ_Preparation', 'HC_Mobilization_of_splenic_flexure', 'HC_Finalization_of_operation', 'HC_Retroperitoneal_preparation_towards_lower_pancreatic_border', 'CZ_Gallbladder_Packaging', 'HC_Creation_of_stoma', 'HC_Mobilization_of_transverse_colon', 'HCH_Calot_Triangle_Dissection', 'CA_Incision', 'CA_Capsule_Polishing', 'CA_Viscous_agent_removal', 'HC_Extra-abdominal_preparation_of_anastomosis', 'CZ_Gallbladder_Dissection', 'CZ_Calot_Triangle_Dissection', 'CA_Tonifying_and_antibiotics', 'GR_Development_of_the_plane_between_the_prostate_and_rectum', 'CZ_Gallbladder_Retraction', 'GR_Ligation_of_the_deep_dorsal_venous_complex', 'CA_Phacoemulsificiation', 'HCH_Galbladder_Retraction', 'GR_Bladder_neck_identification_and_transection', 'HCH_Preparation', 'HC_Mobilization_of_sigmoid_colon_and_descending_colon', 'LH_Specimen_Removal', 'HC_Intra-abdominal_preparation_of_anastomosis', 'HCH_Galbladder_Dissection', 'LH_Preparation', 'HCH_Clipping_Cutting', 'CA_Hydrodissection', 'CA_Lens_implant_setting-up', 'HC_Dissection_and_resection_of_the_rectum', 'CZ_Cleaning_Coagulation', 'CA_Irrigation_and_aspiration', 'LH_Suturing'}","{'M2_Calot_Triangle_Dissection', 'M2_Gallbladder_Retraction', 'CZ_Trocar_Placement', 'M2_Preparation', 'CZ_Clipping_Cutting', 'CZ_Gallbladder_Dissection', 'CZ_Calot_Triangle_Dissection', 'M2_Gallbladder_Dissection', 'CZ_Cleaning_Coagulation', 'M2_Clipping_Cutting', 'M2_Trocar_Placement', 'CZ_Preparation', 'M2_Cleaning_Coagulation', 'CZ_Gallbladder_Packaging', 'M2_Gallbladder_Packaging', 'CZ_Gallbladder_Retraction'}",1719348048,checkpoint_000084,True,False,85,52d63_00000,2024-06-25_22-40-49,75.07847547531128,6383.317652225494,2938761,fb-OMEN-by-HP-45L-Gaming-Desktop-GT22-0xxx,129.69.82.151,6383.317652225494,85
78.40000119805336,5.048872947692871,3.16914469636616,0.924,0.057005927,"{'LH_Transecting_the_Vagina', 'GR_Bladder_neck_reconstruction', 'HCH_Cleaning_Coagulation', 'LH_Dividing_Ligament_and_Peritoneum', 'LH_Dividing_Uterine_Vessels_and_Ligament', 'LH_Washing', 'HC_Retroperitoneal_preparation_of_duodenum_and_pancreatic_head', 'CA_Rhexis', 'HCH_Galbladder_Packaging', 'CZ_Preparation', 'HC_General_preparation_and_orientation_in_the_abdomen', 'HC_Finalization_of_operation', 'HC_Retroperitoneal_preparation_towards_lower_pancreatic_border', 'HC_Creation_of_stoma', 'HC_Mobilization_of_transverse_colon', 'HCH_Calot_Triangle_Dissection', 'CA_Capsule_Polishing', 'GR_Severing_of_the_prostate_from_the_urethra', 'CA_Viscous_agent_removal', 'CZ_Gallbladder_Dissection', 'CZ_Calot_Triangle_Dissection', 'CA_Tonifying_and_antibiotics', 'HC_Mobilization_of_ascending_colon', 'GR_Development_of_the_plane_between_the_prostate_and_rectum', 'GR_Ligation_of_the_deep_dorsal_venous_complex', 'CA_Phacoemulsificiation', 'HCH_Galbladder_Retraction', 'GR_Bladder_neck_identification_and_transection', 'GR_Right_pelvic_isolated_lymphadenectomy', 'LH_Specimen_Removal', 'HC_Intra-abdominal_preparation_of_anastomosis', 'HCH_Galbladder_Dissection', 'LH_Preparation', 'HCH_Clipping_Cutting', 'CA_Irrigation_and_aspiration', 'HC_Dissection_of_lymph_nodes_and_blood_vessels_en_bloc', 'CA_Hydrodissection', 'CA_Lens_implant_setting-up', 'GR_Prostatic_pedicle_control', 'HC_Dissection_and_resection_of_the_rectum', 'CZ_Cleaning_Coagulation', 'CA_Viscous_agent_injection', 'GR_Left_pelvic_isolated_lymphadenectomy', 'LH_Suturing'}","{'M2_Calot_Triangle_Dissection', 'M2_Gallbladder_Retraction', 'CZ_Trocar_Placement', 'M2_Preparation', 'CZ_Clipping_Cutting', 'CZ_Gallbladder_Dissection', 'CZ_Calot_Triangle_Dissection', 'M2_Gallbladder_Dissection', 'CZ_Cleaning_Coagulation', 'M2_Clipping_Cutting', 'M2_Trocar_Placement', 'CZ_Preparation', 'M2_Cleaning_Coagulation', 'CZ_Gallbladder_Packaging', 'M2_Gallbladder_Packaging', 'CZ_Gallbladder_Retraction'}",1719348123,checkpoint_000085,True,False,86,52d63_00000,2024-06-25_22-42-04,75.37415671348572,6458.69180893898,2938761,fb-OMEN-by-HP-45L-Gaming-Desktop-GT22-0xxx,129.69.82.151,6458.69180893898,86
72.60000139474869,5.275349140167236,3.216072636644907,0.91,0.09589865,"{'LH_Transecting_the_Vagina', 'GR_Bladder_neck_reconstruction', 'HCH_Cleaning_Coagulation', 'HC_Exception', 'CZ_Clipping_Cutting', 'GR_Seminal_vesicle_dissection', 'LH_Washing', 'HC_Retroperitoneal_preparation_of_duodenum_and_pancreatic_head', 'HCH_Galbladder_Packaging', 'GR_Developing_the_Space_of_Retzius', 'HC_Finalization_of_operation', 'HC_Mobilization_of_splenic_flexure', 'CZ_Preparation', 'HC_Retroperitoneal_preparation_towards_lower_pancreatic_border', 'CZ_Gallbladder_Packaging', 'GR_Idle', 'HC_Creation_of_stoma', 'HC_Mobilization_of_transverse_colon', 'HCH_Calot_Triangle_Dissection', 'CA_Incision', 'CA_Capsule_Polishing', 'GR_Severing_of_the_prostate_from_the_urethra', 'CA_Viscous_agent_removal', 'CZ_Gallbladder_Dissection', 'CZ_Calot_Triangle_Dissection', 'CA_Tonifying_and_antibiotics', 'HC_Mobilization_of_ascending_colon', 'GR_Development_of_the_plane_between_the_prostate_and_rectum', 'CZ_Gallbladder_Retraction', 'GR_Ligation_of_the_deep_dorsal_venous_complex', 'CA_Phacoemulsificiation', 'HCH_Galbladder_Retraction', 'GR_Bladder_neck_identification_and_transection', 'HCH_Preparation', 'HC_Mobilization_of_sigmoid_colon_and_descending_colon', 'LH_Specimen_Removal', 'HC_Intra-abdominal_preparation_of_anastomosis', 'LH_Preparation', 'HCH_Clipping_Cutting', 'HC_Dissection_of_lymph_nodes_and_blood_vessels_en_bloc', 'CA_Lens_implant_setting-up', 'GR_Prostatic_pedicle_control', 'CZ_Cleaning_Coagulation', 'CA_Viscous_agent_injection', 'CA_Irrigation_and_aspiration', 'LH_Suturing'}","{'M2_Calot_Triangle_Dissection', 'M2_Gallbladder_Retraction', 'CZ_Trocar_Placement', 'M2_Preparation', 'CZ_Clipping_Cutting', 'CZ_Gallbladder_Dissection', 'CZ_Calot_Triangle_Dissection', 'M2_Gallbladder_Dissection', 'CZ_Cleaning_Coagulation', 'M2_Clipping_Cutting', 'M2_Trocar_Placement', 'CZ_Preparation', 'M2_Cleaning_Coagulation', 'CZ_Gallbladder_Packaging', 'M2_Gallbladder_Packaging', 'CZ_Gallbladder_Retraction'}",1719348199,checkpoint_000086,True,False,87,52d63_00000,2024-06-25_22-43-19,75.1197144985199,6533.8115234375,2938761,fb-OMEN-by-HP-45L-Gaming-Desktop-GT22-0xxx,129.69.82.151,6533.8115234375,87
77.60000106692314,3.6078197956085205,3.604695160933892,0.9100001,0.09241328,"{'LH_Transecting_the_Vagina', 'HCH_Cleaning_Coagulation', 'LH_Dividing_Ligament_and_Peritoneum', 'HC_Exception', 'LH_Dividing_Uterine_Vessels_and_Ligament', 'GR_Seminal_vesicle_dissection', 'LH_Washing', 'HC_Retroperitoneal_preparation_of_duodenum_and_pancreatic_head', 'CA_Rhexis', 'HCH_Galbladder_Packaging', 'GR_Developing_the_Space_of_Retzius', 'HC_Finalization_of_operation', 'HC_Mobilization_of_splenic_flexure', 'HC_Retroperitoneal_preparation_towards_lower_pancreatic_border', 'CZ_Gallbladder_Packaging', 'GR_Idle', 'HC_Creation_of_stoma', 'HC_Mobilization_of_transverse_colon', 'HCH_Calot_Triangle_Dissection', 'CA_Incision', 'CA_Capsule_Polishing', 'GR_Severing_of_the_prostate_from_the_urethra', 'CZ_Gallbladder_Dissection', 'CZ_Calot_Triangle_Dissection', 'HC_Mobilization_of_ascending_colon', 'GR_Development_of_the_plane_between_the_prostate_and_rectum', 'CZ_Gallbladder_Retraction', 'GR_Ligation_of_the_deep_dorsal_venous_complex', 'CA_Phacoemulsificiation', 'HCH_Galbladder_Retraction', 'GR_Bladder_neck_identification_and_transection', 'GR_Right_pelvic_isolated_lymphadenectomy', 'HC_Mobilization_of_sigmoid_colon_and_descending_colon', 'LH_Specimen_Removal', 'HCH_Galbladder_Dissection', 'LH_Preparation', 'HCH_Clipping_Cutting', 'CA_Irrigation_and_aspiration', 'HC_Dissection_of_lymph_nodes_and_blood_vessels_en_bloc', 'CA_Hydrodissection', 'GR_Prostatic_pedicle_control', 'HC_Dissection_and_resection_of_the_rectum', 'CZ_Cleaning_Coagulation', 'CA_Viscous_agent_injection', 'GR_Left_pelvic_isolated_lymphadenectomy', 'LH_Suturing'}","{'M2_Calot_Triangle_Dissection', 'M2_Gallbladder_Retraction', 'CZ_Trocar_Placement', 'M2_Preparation', 'CZ_Clipping_Cutting', 'CZ_Gallbladder_Dissection', 'CZ_Calot_Triangle_Dissection', 'M2_Gallbladder_Dissection', 'CZ_Cleaning_Coagulation', 'M2_Clipping_Cutting', 'M2_Trocar_Placement', 'CZ_Preparation', 'M2_Cleaning_Coagulation', 'CZ_Gallbladder_Packaging', 'M2_Gallbladder_Packaging', 'CZ_Gallbladder_Retraction'}",1719348274,checkpoint_000087,True,False,88,52d63_00000,2024-06-25_22-44-34,75.19142866134644,6609.002952098846,2938761,fb-OMEN-by-HP-45L-Gaming-Desktop-GT22-0xxx,129.69.82.151,6609.002952098846,88
73.40000130236149,4.981365203857422,3.235128218106179,0.91400003,0.08164766,"{'LH_Transecting_the_Vagina', 'GR_Bladder_neck_reconstruction', 'HCH_Cleaning_Coagulation', 'LH_Dividing_Uterine_Vessels_and_Ligament', 'CZ_Clipping_Cutting', 'GR_Seminal_vesicle_dissection', 'LH_Washing', 'HCH_Galbladder_Packaging', 'GR_Developing_the_Space_of_Retzius', 'CZ_Preparation', 'HC_General_preparation_and_orientation_in_the_abdomen', 'HC_Mobilization_of_splenic_flexure', 'HC_Retroperitoneal_preparation_towards_lower_pancreatic_border', 'HC_Finalization_of_operation', 'CZ_Gallbladder_Packaging', 'GR_Idle', 'HC_Mobilization_of_transverse_colon', 'CA_Incision', 'CA_Capsule_Polishing', 'GR_Severing_of_the_prostate_from_the_urethra', 'CA_Viscous_agent_removal', 'HC_Extra-abdominal_preparation_of_anastomosis', 'CZ_Gallbladder_Dissection', 'CZ_Calot_Triangle_Dissection', 'CA_Tonifying_and_antibiotics', 'HC_Mobilization_of_ascending_colon', 'GR_Development_of_the_plane_between_the_prostate_and_rectum', 'CZ_Gallbladder_Retraction', 'HCH_Galbladder_Retraction', 'HCH_Preparation', 'HC_Mobilization_of_sigmoid_colon_and_descending_colon', 'GR_Right_pelvic_isolated_lymphadenectomy', 'LH_Specimen_Removal', 'HCH_Galbladder_Dissection', 'LH_Preparation', 'HCH_Clipping_Cutting', 'CA_Irrigation_and_aspiration', 'HC_Dissection_of_lymph_nodes_and_blood_vessels_en_bloc', 'CA_Hydrodissection', 'CA_Lens_implant_setting-up', 'GR_Prostatic_pedicle_control', 'CZ_Cleaning_Coagulation', 'CA_Viscous_agent_injection', 'GR_Left_pelvic_isolated_lymphadenectomy', 'LH_Suturing'}","{'M2_Calot_Triangle_Dissection', 'M2_Gallbladder_Retraction', 'CZ_Trocar_Placement', 'M2_Preparation', 'CZ_Clipping_Cutting', 'CZ_Gallbladder_Dissection', 'CZ_Calot_Triangle_Dissection', 'M2_Gallbladder_Dissection', 'CZ_Cleaning_Coagulation', 'M2_Clipping_Cutting', 'M2_Trocar_Placement', 'CZ_Preparation', 'M2_Cleaning_Coagulation', 'CZ_Gallbladder_Packaging', 'M2_Gallbladder_Packaging', 'CZ_Gallbladder_Retraction'}",1719348349,checkpoint_000088,True,False,89,52d63_00000,2024-06-25_22-45-50,75.17072296142578,6684.173675060272,2938761,fb-OMEN-by-HP-45L-Gaming-Desktop-GT22-0xxx,129.69.82.151,6684.173675060272,89
76.00000122189522,5.008495330810547,3.4173766524691396,0.90200007,0.07961277,"{'LH_Transecting_the_Vagina', 'GR_Bladder_neck_reconstruction', 'HCH_Cleaning_Coagulation', 'LH_Dividing_Ligament_and_Peritoneum', 'LH_Dividing_Uterine_Vessels_and_Ligament', 'CZ_Clipping_Cutting', 'GR_Seminal_vesicle_dissection', 'LH_Washing', 'HC_Retroperitoneal_preparation_of_duodenum_and_pancreatic_head', 'CA_Rhexis', 'HCH_Galbladder_Packaging', 'GR_Developing_the_Space_of_Retzius', 'CZ_Preparation', 'HC_General_preparation_and_orientation_in_the_abdomen', 'HC_Mobilization_of_splenic_flexure', 'HC_Retroperitoneal_preparation_towards_lower_pancreatic_border', 'CZ_Gallbladder_Packaging', 'GR_Idle', 'HC_Creation_of_stoma', 'HCH_Calot_Triangle_Dissection', 'CA_Incision', 'CA_Capsule_Polishing', 'GR_Severing_of_the_prostate_from_the_urethra', 'HC_Extra-abdominal_preparation_of_anastomosis', 'CZ_Gallbladder_Dissection', 'CA_Tonifying_and_antibiotics', 'HC_Mobilization_of_ascending_colon', 'GR_Development_of_the_plane_between_the_prostate_and_rectum', 'CZ_Gallbladder_Retraction', 'GR_Ligation_of_the_deep_dorsal_venous_complex', 'HCH_Galbladder_Retraction', 'GR_Bladder_neck_identification_and_transection', 'HCH_Preparation', 'HC_Mobilization_of_sigmoid_colon_and_descending_colon', 'GR_Right_pelvic_isolated_lymphadenectomy', 'LH_Specimen_Removal', 'HC_Intra-abdominal_preparation_of_anastomosis', 'HCH_Galbladder_Dissection', 'LH_Preparation', 'HCH_Clipping_Cutting', 'CA_Irrigation_and_aspiration', 'HC_Dissection_of_lymph_nodes_and_blood_vessels_en_bloc', 'CA_Hydrodissection', 'CA_Lens_implant_setting-up', 'GR_Prostatic_pedicle_control', 'HC_Dissection_and_resection_of_the_rectum', 'CZ_Cleaning_Coagulation', 'CA_Viscous_agent_injection', 'GR_Left_pelvic_isolated_lymphadenectomy', 'LH_Suturing'}","{'M2_Calot_Triangle_Dissection', 'M2_Gallbladder_Retraction', 'CZ_Trocar_Placement', 'M2_Preparation', 'CZ_Clipping_Cutting', 'CZ_Gallbladder_Dissection', 'CZ_Calot_Triangle_Dissection', 'M2_Gallbladder_Dissection', 'CZ_Cleaning_Coagulation', 'M2_Clipping_Cutting', 'M2_Trocar_Placement', 'CZ_Preparation', 'M2_Cleaning_Coagulation', 'CZ_Gallbladder_Packaging', 'M2_Gallbladder_Packaging', 'CZ_Gallbladder_Retraction'}",1719348424,checkpoint_000089,True,False,90,52d63_00000,2024-06-25_22-47-05,75.34668731689453,6759.520362377167,2938761,fb-OMEN-by-HP-45L-Gaming-Desktop-GT22-0xxx,129.69.82.151,6759.520362377167,90
74.20000119507313,4.2257304191589355,3.812489624107921,0.9240001,0.063174516,"{'LH_Transecting_the_Vagina', 'GR_Bladder_neck_reconstruction', 'LH_Dividing_Ligament_and_Peritoneum', 'HC_Exception', 'LH_Dividing_Uterine_Vessels_and_Ligament', 'CZ_Clipping_Cutting', 'GR_Seminal_vesicle_dissection', 'LH_Washing', 'HC_Retroperitoneal_preparation_of_duodenum_and_pancreatic_head', 'CA_Rhexis', 'HCH_Galbladder_Packaging', 'GR_Developing_the_Space_of_Retzius', 'HC_Finalization_of_operation', 'HC_General_preparation_and_orientation_in_the_abdomen', 'CZ_Preparation', 'HC_Retroperitoneal_preparation_towards_lower_pancreatic_border', 'CZ_Gallbladder_Packaging', 'HC_Mobilization_of_transverse_colon', 'HCH_Calot_Triangle_Dissection', 'CA_Incision', 'CA_Capsule_Polishing', 'CA_Viscous_agent_removal', 'CZ_Gallbladder_Dissection', 'CZ_Calot_Triangle_Dissection', 'CA_Tonifying_and_antibiotics', 'HC_Mobilization_of_ascending_colon', 'GR_Development_of_the_plane_between_the_prostate_and_rectum', 'CZ_Gallbladder_Retraction', 'GR_Ligation_of_the_deep_dorsal_venous_complex', 'CA_Phacoemulsificiation', 'HCH_Galbladder_Retraction', 'GR_Bladder_neck_identification_and_transection', 'HCH_Preparation', 'HC_Mobilization_of_sigmoid_colon_and_descending_colon', 'LH_Specimen_Removal', 'HC_Intra-abdominal_preparation_of_anastomosis', 'HCH_Galbladder_Dissection', 'LH_Preparation', 'HCH_Clipping_Cutting', 'HC_Dissection_of_lymph_nodes_and_blood_vessels_en_bloc', 'CA_Hydrodissection', 'CA_Lens_implant_setting-up', 'GR_Prostatic_pedicle_control', 'CZ_Cleaning_Coagulation', 'CA_Viscous_agent_injection', 'CA_Irrigation_and_aspiration', 'LH_Suturing'}","{'M2_Calot_Triangle_Dissection', 'M2_Gallbladder_Retraction', 'CZ_Trocar_Placement', 'M2_Preparation', 'CZ_Clipping_Cutting', 'CZ_Gallbladder_Dissection', 'CZ_Calot_Triangle_Dissection', 'M2_Gallbladder_Dissection', 'CZ_Cleaning_Coagulation', 'M2_Clipping_Cutting', 'M2_Trocar_Placement', 'CZ_Preparation', 'M2_Cleaning_Coagulation', 'CZ_Gallbladder_Packaging', 'M2_Gallbladder_Packaging', 'CZ_Gallbladder_Retraction'}",1719348500,checkpoint_000090,True,False,91,52d63_00000,2024-06-25_22-48-20,75.21404194831848,6834.734404325485,2938761,fb-OMEN-by-HP-45L-Gaming-Desktop-GT22-0xxx,129.69.82.151,6834.734404325485,91
77.0000010728836,3.551274299621582,3.815712679035831,0.91600007,0.07490638,"{'LH_Transecting_the_Vagina', 'GR_Bladder_neck_reconstruction', 'HCH_Cleaning_Coagulation', 'LH_Dividing_Ligament_and_Peritoneum', 'LH_Dividing_Uterine_Vessels_and_Ligament', 'CZ_Clipping_Cutting', 'GR_Seminal_vesicle_dissection', 'LH_Washing', 'HC_Retroperitoneal_preparation_of_duodenum_and_pancreatic_head', 'CA_Rhexis', 'HCH_Galbladder_Packaging', 'GR_Developing_the_Space_of_Retzius', 'HC_Finalization_of_operation', 'HC_General_preparation_and_orientation_in_the_abdomen', 'CZ_Preparation', 'CZ_Gallbladder_Packaging', 'HC_Creation_of_stoma', 'HC_Mobilization_of_transverse_colon', 'CA_Incision', 'CA_Capsule_Polishing', 'GR_Severing_of_the_prostate_from_the_urethra', 'CA_Viscous_agent_removal', 'HC_Extra-abdominal_preparation_of_anastomosis', 'CZ_Gallbladder_Dissection', 'CZ_Calot_Triangle_Dissection', 'CA_Tonifying_and_antibiotics', 'HC_Mobilization_of_ascending_colon', 'CZ_Gallbladder_Retraction', 'GR_Ligation_of_the_deep_dorsal_venous_complex', 'CA_Phacoemulsificiation', 'HCH_Galbladder_Retraction', 'GR_Bladder_neck_identification_and_transection', 'HCH_Preparation', 'HC_Mobilization_of_sigmoid_colon_and_descending_colon', 'GR_Right_pelvic_isolated_lymphadenectomy', 'LH_Specimen_Removal', 'HC_Intra-abdominal_preparation_of_anastomosis', 'HCH_Galbladder_Dissection', 'LH_Preparation', 'HCH_Clipping_Cutting', 'HC_Dissection_of_lymph_nodes_and_blood_vessels_en_bloc', 'CA_Hydrodissection', 'CZ_Cleaning_Coagulation', 'GR_Left_pelvic_isolated_lymphadenectomy', 'LH_Suturing'}","{'M2_Calot_Triangle_Dissection', 'M2_Gallbladder_Retraction', 'CZ_Trocar_Placement', 'M2_Preparation', 'CZ_Clipping_Cutting', 'CZ_Gallbladder_Dissection', 'CZ_Calot_Triangle_Dissection', 'M2_Gallbladder_Dissection', 'CZ_Cleaning_Coagulation', 'M2_Clipping_Cutting', 'M2_Trocar_Placement', 'CZ_Preparation', 'M2_Cleaning_Coagulation', 'CZ_Gallbladder_Packaging', 'M2_Gallbladder_Packaging', 'CZ_Gallbladder_Retraction'}",1719348575,checkpoint_000091,True,False,92,52d63_00000,2024-06-25_22-49-35,74.98735094070435,6909.72175526619,2938761,fb-OMEN-by-HP-45L-Gaming-Desktop-GT22-0xxx,129.69.82.151,6909.72175526619,92
76.00000117719173,7.931475639343262,3.677285841128471,0.93600005,0.060724873,"{'LH_Transecting_the_Vagina', 'GR_Bladder_neck_reconstruction', 'HCH_Cleaning_Coagulation', 'LH_Dividing_Ligament_and_Peritoneum', 'HC_Exception', 'GR_Seminal_vesicle_dissection', 'LH_Washing', 'GR_Developing_the_Space_of_Retzius', 'CZ_Preparation', 'HC_General_preparation_and_orientation_in_the_abdomen', 'HC_Mobilization_of_splenic_flexure', 'HC_Retroperitoneal_preparation_towards_lower_pancreatic_border', 'HC_Finalization_of_operation', 'CZ_Gallbladder_Packaging', 'GR_Idle', 'HC_Creation_of_stoma', 'HC_Mobilization_of_transverse_colon', 'HCH_Calot_Triangle_Dissection', 'CA_Incision', 'CA_Capsule_Polishing', 'GR_Severing_of_the_prostate_from_the_urethra', 'CA_Viscous_agent_removal', 'CZ_Calot_Triangle_Dissection', 'CA_Tonifying_and_antibiotics', 'GR_Development_of_the_plane_between_the_prostate_and_rectum', 'CZ_Gallbladder_Retraction', 'CA_Phacoemulsificiation', 'HCH_Galbladder_Retraction', 'GR_Bladder_neck_identification_and_transection', 'HCH_Preparation', 'HC_Mobilization_of_sigmoid_colon_and_descending_colon', 'GR_Right_pelvic_isolated_lymphadenectomy', 'LH_Specimen_Removal', 'HC_Intra-abdominal_preparation_of_anastomosis', 'HCH_Galbladder_Dissection', 'LH_Preparation', 'HCH_Clipping_Cutting', 'CA_Irrigation_and_aspiration', 'HC_Dissection_of_lymph_nodes_and_blood_vessels_en_bloc', 'CA_Hydrodissection', 'CA_Lens_implant_setting-up', 'GR_Prostatic_pedicle_control', 'CZ_Cleaning_Coagulation', 'CA_Viscous_agent_injection', 'GR_Left_pelvic_isolated_lymphadenectomy', 'LH_Suturing'}","{'M2_Calot_Triangle_Dissection', 'M2_Gallbladder_Retraction', 'CZ_Trocar_Placement', 'M2_Preparation', 'CZ_Clipping_Cutting', 'CZ_Gallbladder_Dissection', 'CZ_Calot_Triangle_Dissection', 'M2_Gallbladder_Dissection', 'CZ_Cleaning_Coagulation', 'M2_Clipping_Cutting', 'M2_Trocar_Placement', 'CZ_Preparation', 'M2_Cleaning_Coagulation', 'CZ_Gallbladder_Packaging', 'M2_Gallbladder_Packaging', 'CZ_Gallbladder_Retraction'}",1719348650,checkpoint_000092,True,False,93,52d63_00000,2024-06-25_22-50-50,75.02602910995483,6984.747784376144,2938761,fb-OMEN-by-HP-45L-Gaming-Desktop-GT22-0xxx,129.69.82.151,6984.747784376144,93
73.20000123977661,6.714715957641602,3.4718012090797274,0.90800005,0.08088818,"{'LH_Transecting_the_Vagina', 'GR_Bladder_neck_reconstruction', 'HCH_Cleaning_Coagulation', 'LH_Dividing_Uterine_Vessels_and_Ligament', 'CZ_Clipping_Cutting', 'GR_Seminal_vesicle_dissection', 'LH_Washing', 'HC_Retroperitoneal_preparation_of_duodenum_and_pancreatic_head', 'CA_Rhexis', 'HCH_Galbladder_Packaging', 'GR_Developing_the_Space_of_Retzius', 'CZ_Preparation', 'HC_General_preparation_and_orientation_in_the_abdomen', 'HC_Mobilization_of_splenic_flexure', 'HC_Retroperitoneal_preparation_towards_lower_pancreatic_border', 'HC_Finalization_of_operation', 'CZ_Gallbladder_Packaging', 'HC_Creation_of_stoma', 'HC_Mobilization_of_transverse_colon', 'HCH_Calot_Triangle_Dissection', 'CA_Incision', 'CA_Capsule_Polishing', 'HC_Extra-abdominal_preparation_of_anastomosis', 'CZ_Calot_Triangle_Dissection', 'CA_Tonifying_and_antibiotics', 'GR_Development_of_the_plane_between_the_prostate_and_rectum', 'CZ_Gallbladder_Retraction', 'GR_Ligation_of_the_deep_dorsal_venous_complex', 'CA_Phacoemulsificiation', 'HCH_Galbladder_Retraction', 'GR_Bladder_neck_identification_and_transection', 'HCH_Preparation', 'GR_Right_pelvic_isolated_lymphadenectomy', 'HC_Intra-abdominal_preparation_of_anastomosis', 'HCH_Galbladder_Dissection', 'LH_Preparation', 'HCH_Clipping_Cutting', 'CA_Irrigation_and_aspiration', 'HC_Dissection_of_lymph_nodes_and_blood_vessels_en_bloc', 'CA_Hydrodissection', 'CA_Lens_implant_setting-up', 'CZ_Cleaning_Coagulation', 'CA_Viscous_agent_injection', 'GR_Left_pelvic_isolated_lymphadenectomy', 'LH_Suturing'}","{'M2_Calot_Triangle_Dissection', 'M2_Gallbladder_Retraction', 'CZ_Trocar_Placement', 'M2_Preparation', 'CZ_Clipping_Cutting', 'CZ_Gallbladder_Dissection', 'CZ_Calot_Triangle_Dissection', 'M2_Gallbladder_Dissection', 'CZ_Cleaning_Coagulation', 'M2_Clipping_Cutting', 'M2_Trocar_Placement', 'CZ_Preparation', 'M2_Cleaning_Coagulation', 'CZ_Gallbladder_Packaging', 'M2_Gallbladder_Packaging', 'CZ_Gallbladder_Retraction'}",1719348725,checkpoint_000093,True,False,94,52d63_00000,2024-06-25_22-52-06,75.34122967720032,7060.089014053345,2938761,fb-OMEN-by-HP-45L-Gaming-Desktop-GT22-0xxx,129.69.82.151,7060.089014053345,94
70.40000122785568,6.2209320068359375,3.859956094856421,0.9140001,0.08203994,"{'LH_Transecting_the_Vagina', 'GR_Bladder_neck_reconstruction', 'HCH_Cleaning_Coagulation', 'LH_Dividing_Ligament_and_Peritoneum', 'LH_Dividing_Uterine_Vessels_and_Ligament', 'CZ_Clipping_Cutting', 'LH_Washing', 'CA_Rhexis', 'HCH_Galbladder_Packaging', 'GR_Developing_the_Space_of_Retzius', 'HC_Finalization_of_operation', 'HC_Mobilization_of_splenic_flexure', 'CZ_Preparation', 'HC_Retroperitoneal_preparation_towards_lower_pancreatic_border', 'CZ_Gallbladder_Packaging', 'GR_Idle', 'HC_Creation_of_stoma', 'HC_Mobilization_of_transverse_colon', 'HCH_Calot_Triangle_Dissection', 'CA_Incision', 'CA_Capsule_Polishing', 'GR_Severing_of_the_prostate_from_the_urethra', 'CZ_Gallbladder_Dissection', 'CZ_Calot_Triangle_Dissection', 'CA_Tonifying_and_antibiotics', 'GR_Development_of_the_plane_between_the_prostate_and_rectum', 'CZ_Gallbladder_Retraction', 'GR_Ligation_of_the_deep_dorsal_venous_complex', 'CA_Phacoemulsificiation', 'HCH_Galbladder_Retraction', 'GR_Right_pelvic_isolated_lymphadenectomy', 'HC_Mobilization_of_sigmoid_colon_and_descending_colon', 'LH_Specimen_Removal', 'HCH_Galbladder_Dissection', 'LH_Preparation', 'HCH_Clipping_Cutting', 'CA_Hydrodissection', 'CA_Lens_implant_setting-up', 'HC_Dissection_and_resection_of_the_rectum', 'CA_Viscous_agent_injection', 'GR_Left_pelvic_isolated_lymphadenectomy', 'LH_Suturing'}","{'M2_Calot_Triangle_Dissection', 'M2_Gallbladder_Retraction', 'CZ_Trocar_Placement', 'M2_Preparation', 'CZ_Clipping_Cutting', 'CZ_Gallbladder_Dissection', 'CZ_Calot_Triangle_Dissection', 'M2_Gallbladder_Dissection', 'CZ_Cleaning_Coagulation', 'M2_Clipping_Cutting', 'M2_Trocar_Placement', 'CZ_Preparation', 'M2_Cleaning_Coagulation', 'CZ_Gallbladder_Packaging', 'M2_Gallbladder_Packaging', 'CZ_Gallbladder_Retraction'}",1719348800,checkpoint_000094,True,False,95,52d63_00000,2024-06-25_22-53-21,75.41239070892334,7135.501404762268,2938761,fb-OMEN-by-HP-45L-Gaming-Desktop-GT22-0xxx,129.69.82.151,7135.501404762268,95
75.80000112950802,4.752922058105469,3.7310080447480822,0.882,0.1057159,"{'LH_Transecting_the_Vagina', 'GR_Bladder_neck_reconstruction', 'HCH_Cleaning_Coagulation', 'LH_Dividing_Ligament_and_Peritoneum', 'LH_Dividing_Uterine_Vessels_and_Ligament', 'CZ_Clipping_Cutting', 'GR_Seminal_vesicle_dissection', 'LH_Washing', 'HC_Retroperitoneal_preparation_of_duodenum_and_pancreatic_head', 'CA_Rhexis', 'HCH_Galbladder_Packaging', 'HC_Finalization_of_operation', 'HC_General_preparation_and_orientation_in_the_abdomen', 'CZ_Preparation', 'CZ_Gallbladder_Packaging', 'GR_Idle', 'HC_Creation_of_stoma', 'HCH_Calot_Triangle_Dissection', 'CA_Incision', 'CA_Capsule_Polishing', 'GR_Severing_of_the_prostate_from_the_urethra', 'CA_Viscous_agent_removal', 'CZ_Gallbladder_Dissection', 'CZ_Calot_Triangle_Dissection', 'CA_Tonifying_and_antibiotics', 'CZ_Gallbladder_Retraction', 'GR_Ligation_of_the_deep_dorsal_venous_complex', 'CA_Phacoemulsificiation', 'HCH_Galbladder_Retraction', 'GR_Bladder_neck_identification_and_transection', 'HCH_Preparation', 'HC_Mobilization_of_sigmoid_colon_and_descending_colon', 'LH_Specimen_Removal', 'HC_Intra-abdominal_preparation_of_anastomosis', 'HCH_Galbladder_Dissection', 'LH_Preparation', 'HCH_Clipping_Cutting', 'CA_Irrigation_and_aspiration', 'HC_Dissection_of_lymph_nodes_and_blood_vessels_en_bloc', 'CA_Hydrodissection', 'GR_Prostatic_pedicle_control', 'HC_Dissection_and_resection_of_the_rectum', 'CZ_Cleaning_Coagulation', 'CA_Viscous_agent_injection', 'GR_Left_pelvic_isolated_lymphadenectomy', 'LH_Suturing'}","{'M2_Calot_Triangle_Dissection', 'M2_Gallbladder_Retraction', 'CZ_Trocar_Placement', 'M2_Preparation', 'CZ_Clipping_Cutting', 'CZ_Gallbladder_Dissection', 'CZ_Calot_Triangle_Dissection', 'M2_Gallbladder_Dissection', 'CZ_Cleaning_Coagulation', 'M2_Clipping_Cutting', 'M2_Trocar_Placement', 'CZ_Preparation', 'M2_Cleaning_Coagulation', 'CZ_Gallbladder_Packaging', 'M2_Gallbladder_Packaging', 'CZ_Gallbladder_Retraction'}",1719348876,checkpoint_000095,True,False,96,52d63_00000,2024-06-25_22-54-36,75.19503092765808,7210.696435689926,2938761,fb-OMEN-by-HP-45L-Gaming-Desktop-GT22-0xxx,129.69.82.151,7210.696435689926,96
73.00000129640102,9.37700080871582,3.34350946304207,0.8960001,0.079393774,"{'LH_Transecting_the_Vagina', 'GR_Bladder_neck_reconstruction', 'HCH_Cleaning_Coagulation', 'LH_Dividing_Ligament_and_Peritoneum', 'LH_Dividing_Uterine_Vessels_and_Ligament', 'CZ_Clipping_Cutting', 'LH_Washing', 'HC_Retroperitoneal_preparation_of_duodenum_and_pancreatic_head', 'HCH_Galbladder_Packaging', 'GR_Developing_the_Space_of_Retzius', 'CZ_Preparation', 'HC_General_preparation_and_orientation_in_the_abdomen', 'HC_Mobilization_of_splenic_flexure', 'HC_Finalization_of_operation', 'CZ_Gallbladder_Packaging', 'GR_Idle', 'HC_Creation_of_stoma', 'HCH_Calot_Triangle_Dissection', 'CA_Incision', 'CA_Capsule_Polishing', 'HC_Extra-abdominal_preparation_of_anastomosis', 'CZ_Gallbladder_Dissection', 'CZ_Calot_Triangle_Dissection', 'HC_Mobilization_of_ascending_colon', 'GR_Development_of_the_plane_between_the_prostate_and_rectum', 'CZ_Gallbladder_Retraction', 'GR_Ligation_of_the_deep_dorsal_venous_complex', 'HCH_Galbladder_Retraction', 'GR_Bladder_neck_identification_and_transection', 'HCH_Preparation', 'HC_Mobilization_of_sigmoid_colon_and_descending_colon', 'GR_Right_pelvic_isolated_lymphadenectomy', 'HCH_Galbladder_Dissection', 'LH_Preparation', 'HCH_Clipping_Cutting', 'CA_Hydrodissection', 'GR_Prostatic_pedicle_control', 'HC_Dissection_and_resection_of_the_rectum', 'CZ_Cleaning_Coagulation', 'CA_Viscous_agent_injection', 'CA_Irrigation_and_aspiration', 'LH_Suturing'}","{'M2_Calot_Triangle_Dissection', 'M2_Gallbladder_Retraction', 'CZ_Trocar_Placement', 'M2_Preparation', 'CZ_Clipping_Cutting', 'CZ_Gallbladder_Dissection', 'CZ_Calot_Triangle_Dissection', 'M2_Gallbladder_Dissection', 'CZ_Cleaning_Coagulation', 'M2_Clipping_Cutting', 'M2_Trocar_Placement', 'CZ_Preparation', 'M2_Cleaning_Coagulation', 'CZ_Gallbladder_Packaging', 'M2_Gallbladder_Packaging', 'CZ_Gallbladder_Retraction'}",1719348951,checkpoint_000096,True,False,97,52d63_00000,2024-06-25_22-55-51,75.18437433242798,7285.880810022354,2938761,fb-OMEN-by-HP-45L-Gaming-Desktop-GT22-0xxx,129.69.82.151,7285.880810022354,97
73.60000114142895,6.990537166595459,4.106843063845199,0.92,0.06512754,"{'LH_Transecting_the_Vagina', 'HCH_Cleaning_Coagulation', 'LH_Dividing_Ligament_and_Peritoneum', 'LH_Dividing_Uterine_Vessels_and_Ligament', 'CZ_Clipping_Cutting', 'LH_Washing', 'CA_Rhexis', 'HCH_Galbladder_Packaging', 'GR_Developing_the_Space_of_Retzius', 'HC_Finalization_of_operation', 'HC_General_preparation_and_orientation_in_the_abdomen', 'CZ_Preparation', 'HC_Retroperitoneal_preparation_towards_lower_pancreatic_border', 'CZ_Gallbladder_Packaging', 'GR_Idle', 'HC_Creation_of_stoma', 'HC_Mobilization_of_transverse_colon', 'HCH_Calot_Triangle_Dissection', 'CA_Incision', 'CA_Capsule_Polishing', 'GR_Severing_of_the_prostate_from_the_urethra', 'CA_Viscous_agent_removal', 'HC_Extra-abdominal_preparation_of_anastomosis', 'CZ_Gallbladder_Dissection', 'CZ_Calot_Triangle_Dissection', 'CA_Tonifying_and_antibiotics', 'HC_Mobilization_of_ascending_colon', 'CZ_Gallbladder_Retraction', 'GR_Ligation_of_the_deep_dorsal_venous_complex', 'CA_Phacoemulsificiation', 'HCH_Galbladder_Retraction', 'GR_Bladder_neck_identification_and_transection', 'HCH_Preparation', 'HC_Mobilization_of_sigmoid_colon_and_descending_colon', 'GR_Right_pelvic_isolated_lymphadenectomy', 'LH_Specimen_Removal', 'HC_Intra-abdominal_preparation_of_anastomosis', 'HCH_Galbladder_Dissection', 'LH_Preparation', 'HCH_Clipping_Cutting', 'HC_Dissection_of_lymph_nodes_and_blood_vessels_en_bloc', 'CA_Hydrodissection', 'CA_Lens_implant_setting-up', 'GR_Prostatic_pedicle_control', 'HC_Dissection_and_resection_of_the_rectum', 'CZ_Cleaning_Coagulation', 'GR_Left_pelvic_isolated_lymphadenectomy', 'LH_Suturing'}","{'M2_Calot_Triangle_Dissection', 'M2_Gallbladder_Retraction', 'CZ_Trocar_Placement', 'M2_Preparation', 'CZ_Clipping_Cutting', 'CZ_Gallbladder_Dissection', 'CZ_Calot_Triangle_Dissection', 'M2_Gallbladder_Dissection', 'CZ_Cleaning_Coagulation', 'M2_Clipping_Cutting', 'M2_Trocar_Placement', 'CZ_Preparation', 'M2_Cleaning_Coagulation', 'CZ_Gallbladder_Packaging', 'M2_Gallbladder_Packaging', 'CZ_Gallbladder_Retraction'}",1719349026,checkpoint_000097,True,False,98,52d63_00000,2024-06-25_22-57-07,75.20524644851685,7361.086056470871,2938761,fb-OMEN-by-HP-45L-Gaming-Desktop-GT22-0xxx,129.69.82.151,7361.086056470871,98
71.20000131428242,6.993600845336914,3.732037576200432,0.91600007,0.065298006,"{'LH_Transecting_the_Vagina', 'HCH_Cleaning_Coagulation', 'LH_Dividing_Ligament_and_Peritoneum', 'LH_Dividing_Uterine_Vessels_and_Ligament', 'CZ_Clipping_Cutting', 'GR_Seminal_vesicle_dissection', 'LH_Washing', 'HC_Retroperitoneal_preparation_of_duodenum_and_pancreatic_head', 'CA_Rhexis', 'HCH_Galbladder_Packaging', 'GR_Developing_the_Space_of_Retzius', 'CZ_Preparation', 'HC_General_preparation_and_orientation_in_the_abdomen', 'HC_Finalization_of_operation', 'HC_Retroperitoneal_preparation_towards_lower_pancreatic_border', 'GR_Idle', 'HC_Mobilization_of_transverse_colon', 'HCH_Calot_Triangle_Dissection', 'CA_Incision', 'CA_Capsule_Polishing', 'GR_Severing_of_the_prostate_from_the_urethra', 'CA_Viscous_agent_removal', 'HC_Extra-abdominal_preparation_of_anastomosis', 'CZ_Calot_Triangle_Dissection', 'CA_Tonifying_and_antibiotics', 'HC_Mobilization_of_ascending_colon', 'GR_Development_of_the_plane_between_the_prostate_and_rectum', 'CZ_Gallbladder_Retraction', 'GR_Ligation_of_the_deep_dorsal_venous_complex', 'HCH_Galbladder_Retraction', 'GR_Right_pelvic_isolated_lymphadenectomy', 'HC_Mobilization_of_sigmoid_colon_and_descending_colon', 'LH_Specimen_Removal', 'HCH_Galbladder_Dissection', 'LH_Preparation', 'HCH_Clipping_Cutting', 'HC_Dissection_of_lymph_nodes_and_blood_vessels_en_bloc', 'CA_Hydrodissection', 'CA_Lens_implant_setting-up', 'GR_Prostatic_pedicle_control', 'HC_Dissection_and_resection_of_the_rectum', 'CZ_Cleaning_Coagulation', 'CA_Viscous_agent_injection', 'GR_Left_pelvic_isolated_lymphadenectomy', 'LH_Suturing'}","{'M2_Calot_Triangle_Dissection', 'M2_Gallbladder_Retraction', 'CZ_Trocar_Placement', 'M2_Preparation', 'CZ_Clipping_Cutting', 'CZ_Gallbladder_Dissection', 'CZ_Calot_Triangle_Dissection', 'M2_Gallbladder_Dissection', 'CZ_Cleaning_Coagulation', 'M2_Clipping_Cutting', 'M2_Trocar_Placement', 'CZ_Preparation', 'M2_Cleaning_Coagulation', 'CZ_Gallbladder_Packaging', 'M2_Gallbladder_Packaging', 'CZ_Gallbladder_Retraction'}",1719349101,checkpoint_000098,True,False,99,52d63_00000,2024-06-25_22-58-22,75.46769833564758,7436.553754806519,2938761,fb-OMEN-by-HP-45L-Gaming-Desktop-GT22-0xxx,129.69.82.151,7436.553754806519,99
71.20000126957893,5.423571586608887,3.853581243302275,0.958,0.05838351,"{'LH_Transecting_the_Vagina', 'GR_Bladder_neck_reconstruction', 'HCH_Cleaning_Coagulation', 'CZ_Clipping_Cutting', 'GR_Seminal_vesicle_dissection', 'LH_Washing', 'HC_Retroperitoneal_preparation_of_duodenum_and_pancreatic_head', 'HCH_Galbladder_Packaging', 'GR_Developing_the_Space_of_Retzius', 'CZ_Preparation', 'HC_Mobilization_of_splenic_flexure', 'HC_Finalization_of_operation', 'GR_Idle', 'CA_Capsule_Polishing', 'CA_Viscous_agent_removal', 'HC_Extra-abdominal_preparation_of_anastomosis', 'CZ_Gallbladder_Dissection', 'CZ_Calot_Triangle_Dissection', 'CA_Tonifying_and_antibiotics', 'GR_Development_of_the_plane_between_the_prostate_and_rectum', 'CZ_Gallbladder_Retraction', 'HCH_Galbladder_Retraction', 'HCH_Preparation', 'HC_Mobilization_of_sigmoid_colon_and_descending_colon', 'LH_Specimen_Removal', 'HCH_Galbladder_Dissection', 'LH_Preparation', 'HCH_Clipping_Cutting', 'CA_Irrigation_and_aspiration', 'HC_Dissection_of_lymph_nodes_and_blood_vessels_en_bloc', 'CA_Hydrodissection', 'CA_Lens_implant_setting-up', 'GR_Prostatic_pedicle_control', 'HC_Dissection_and_resection_of_the_rectum', 'CA_Viscous_agent_injection', 'GR_Left_pelvic_isolated_lymphadenectomy', 'LH_Suturing'}","{'M2_Calot_Triangle_Dissection', 'M2_Gallbladder_Retraction', 'CZ_Trocar_Placement', 'M2_Preparation', 'CZ_Clipping_Cutting', 'CZ_Gallbladder_Dissection', 'CZ_Calot_Triangle_Dissection', 'M2_Gallbladder_Dissection', 'CZ_Cleaning_Coagulation', 'M2_Clipping_Cutting', 'M2_Trocar_Placement', 'CZ_Preparation', 'M2_Cleaning_Coagulation', 'CZ_Gallbladder_Packaging', 'M2_Gallbladder_Packaging', 'CZ_Gallbladder_Retraction'}",1719349177,checkpoint_000099,True,False,100,52d63_00000,2024-06-25_22-59-37,75.27658700942993,7511.8303418159485,2938761,fb-OMEN-by-HP-45L-Gaming-Desktop-GT22-0xxx,129.69.82.151,7511.8303418159485,100
81.60000087320805,3.6856791973114014,,,,,,1719349181,,,False,101,52d63_00000,2024-06-25_22-59-41,3.9136950969696045,7515.744036912918,2938761,fb-OMEN-by-HP-45L-Gaming-Desktop-GT22-0xxx,129.69.82.151,7515.744036912918,101
