val_accuracy,val_loss,confidence,train_accuracy,train_loss,used_train_classes,used_val_classes,timestamp,checkpoint_dir_name,should_checkpoint,done,training_iteration,trial_id,date,time_this_iter_s,time_total_s,pid,hostname,node_ip,time_since_restore,iterations_since_restore
36.40000078082085,9.743773460388184,3.9348679123889796,0.35000002,28.78764,"{'LH_Washing', 'HC_Exception', 'HCH_Galbladder_Packaging', 'HC_Creation_of_stoma', 'CA_Irrigation_and_aspiration', 'GR_Development_of_the_plane_between_the_prostate_and_rectum', 'CA_Phacoemulsificiation', 'HC_Extra-abdominal_preparation_of_anastomosis', 'HCH_Cleaning_Coagulation', 'GR_Right_pelvic_isolated_lymphadenectomy', 'CA_Lens_implant_setting-up', 'CA_Viscous_agent_removal', 'LH_Dividing_Ligament_and_Peritoneum', 'CZ_Gallbladder_Retraction', 'LH_Suturing', 'HCH_Preparation', 'HC_Mobilization_of_ascending_colon', 'HC_Retroperitoneal_preparation_towards_lower_pancreatic_border', 'HC_Mobilization_of_transverse_colon', 'LH_Transecting_the_Vagina', 'LH_Dividing_Uterine_Vessels_and_Ligament', 'HC_Intra-abdominal_preparation_of_anastomosis', 'CZ_Gallbladder_Packaging', 'GR_Bladder_neck_reconstruction', 'CA_Hydrodissection', 'CZ_Preparation', 'CA_Tonifying_and_antibiotics', 'LH_Specimen_Removal', 'CZ_Gallbladder_Dissection', 'CA_Rhexis', 'LH_Preparation', 'GR_Prostatic_pedicle_control', 'CZ_Cleaning_Coagulation', 'HCH_Clipping_Cutting', 'CZ_Calot_Triangle_Dissection', 'CA_Capsule_Polishing', 'HC_Retroperitoneal_preparation_of_duodenum_and_pancreatic_head', 'HC_Finalization_of_operation', 'GR_Ligation_of_the_deep_dorsal_venous_complex', 'GR_Severing_of_the_prostate_from_the_urethra', 'GR_Bladder_neck_identification_and_transection', 'HCH_Galbladder_Dissection', 'CZ_Clipping_Cutting', 'GR_Idle', 'CA_Viscous_agent_injection', 'HCH_Calot_Triangle_Dissection', 'CA_Incision'}","{'CZ_Calot_Triangle_Dissection', 'CZ_Gallbladder_Packaging', 'CZ_Gallbladder_Retraction', 'M2_Gallbladder_Retraction', 'CZ_Trocar_Placement', 'CZ_Preparation', 'M2_Trocar_Placement', 'M2_Gallbladder_Dissection', 'M2_Gallbladder_Packaging', 'CZ_Clipping_Cutting', 'M2_Preparation', 'M2_Clipping_Cutting', 'M2_Cleaning_Coagulation', 'CZ_Gallbladder_Dissection', 'CZ_Cleaning_Coagulation', 'M2_Calot_Triangle_Dissection'}",1718274547,checkpoint_000000,True,False,1,0b53e_00015,2024-06-13_12-29-07,203.0969250202179,203.0969250202179,130616,fb-OMEN-by-HP-45L-Gaming-Desktop-GT22-0xxx,129.69.82.151,203.0969250202179,1
50.00000116229057,6.027536392211914,3.9395513312446107,0.43000004,7.046327,"{'LH_Washing', 'HCH_Galbladder_Packaging', 'HC_Creation_of_stoma', 'CA_Irrigation_and_aspiration', 'HC_Dissection_of_lymph_nodes_and_blood_vessels_en_bloc', 'HC_Dissection_and_resection_of_the_rectum', 'GR_Development_of_the_plane_between_the_prostate_and_rectum', 'CA_Phacoemulsificiation', 'GR_Left_pelvic_isolated_lymphadenectomy', 'HC_Extra-abdominal_preparation_of_anastomosis', 'HCH_Cleaning_Coagulation', 'GR_Right_pelvic_isolated_lymphadenectomy', 'CA_Lens_implant_setting-up', 'HC_General_preparation_and_orientation_in_the_abdomen', 'CA_Viscous_agent_removal', 'LH_Dividing_Ligament_and_Peritoneum', 'CZ_Gallbladder_Retraction', 'LH_Suturing', 'HC_Mobilization_of_sigmoid_colon_and_descending_colon', 'HCH_Preparation', 'HCH_Galbladder_Retraction', 'HC_Mobilization_of_splenic_flexure', 'HC_Mobilization_of_ascending_colon', 'HC_Retroperitoneal_preparation_towards_lower_pancreatic_border', 'HC_Mobilization_of_transverse_colon', 'LH_Dividing_Uterine_Vessels_and_Ligament', 'CZ_Gallbladder_Packaging', 'GR_Bladder_neck_reconstruction', 'CA_Hydrodissection', 'CZ_Preparation', 'CA_Tonifying_and_antibiotics', 'LH_Specimen_Removal', 'CZ_Gallbladder_Dissection', 'CA_Rhexis', 'LH_Preparation', 'HCH_Clipping_Cutting', 'CZ_Calot_Triangle_Dissection', 'CA_Capsule_Polishing', 'HC_Retroperitoneal_preparation_of_duodenum_and_pancreatic_head', 'HC_Finalization_of_operation', 'GR_Severing_of_the_prostate_from_the_urethra', 'GR_Bladder_neck_identification_and_transection', 'CZ_Clipping_Cutting', 'GR_Idle', 'CA_Viscous_agent_injection', 'HCH_Calot_Triangle_Dissection', 'CA_Incision', 'GR_Seminal_vesicle_dissection'}","{'CZ_Calot_Triangle_Dissection', 'CZ_Gallbladder_Packaging', 'CZ_Gallbladder_Retraction', 'M2_Gallbladder_Retraction', 'CZ_Trocar_Placement', 'CZ_Preparation', 'M2_Trocar_Placement', 'M2_Gallbladder_Dissection', 'M2_Gallbladder_Packaging', 'CZ_Clipping_Cutting', 'M2_Preparation', 'M2_Clipping_Cutting', 'M2_Cleaning_Coagulation', 'CZ_Gallbladder_Dissection', 'CZ_Cleaning_Coagulation', 'M2_Calot_Triangle_Dissection'}",1718274736,checkpoint_000001,True,False,2,0b53e_00015,2024-06-13_12-32-16,189.29950094223022,392.3964259624481,130616,fb-OMEN-by-HP-45L-Gaming-Desktop-GT22-0xxx,129.69.82.151,392.3964259624481,2
46.000001072883606,6.210702419281006,4.167017265194803,0.44200003,6.924143,"{'HC_Exception', 'HC_Creation_of_stoma', 'CA_Irrigation_and_aspiration', 'HC_Dissection_of_lymph_nodes_and_blood_vessels_en_bloc', 'HC_Dissection_and_resection_of_the_rectum', 'GR_Development_of_the_plane_between_the_prostate_and_rectum', 'HC_Extra-abdominal_preparation_of_anastomosis', 'HCH_Cleaning_Coagulation', 'GR_Right_pelvic_isolated_lymphadenectomy', 'CA_Lens_implant_setting-up', 'LH_Dividing_Ligament_and_Peritoneum', 'CZ_Gallbladder_Retraction', 'LH_Suturing', 'HC_Mobilization_of_sigmoid_colon_and_descending_colon', 'HCH_Preparation', 'HCH_Galbladder_Retraction', 'HC_Mobilization_of_ascending_colon', 'HC_Retroperitoneal_preparation_towards_lower_pancreatic_border', 'LH_Transecting_the_Vagina', 'LH_Dividing_Uterine_Vessels_and_Ligament', 'CZ_Gallbladder_Packaging', 'CA_Hydrodissection', 'CZ_Preparation', 'CA_Tonifying_and_antibiotics', 'LH_Specimen_Removal', 'CZ_Gallbladder_Dissection', 'CA_Rhexis', 'LH_Preparation', 'GR_Prostatic_pedicle_control', 'CZ_Cleaning_Coagulation', 'HCH_Clipping_Cutting', 'CZ_Calot_Triangle_Dissection', 'CA_Capsule_Polishing', 'HC_Finalization_of_operation', 'GR_Ligation_of_the_deep_dorsal_venous_complex', 'GR_Severing_of_the_prostate_from_the_urethra', 'HCH_Galbladder_Dissection', 'CZ_Clipping_Cutting', 'GR_Idle', 'CA_Viscous_agent_injection', 'HCH_Calot_Triangle_Dissection', 'CA_Incision'}","{'CZ_Calot_Triangle_Dissection', 'CZ_Gallbladder_Packaging', 'CZ_Gallbladder_Retraction', 'M2_Gallbladder_Retraction', 'CZ_Trocar_Placement', 'CZ_Preparation', 'M2_Trocar_Placement', 'M2_Gallbladder_Dissection', 'M2_Gallbladder_Packaging', 'CZ_Clipping_Cutting', 'M2_Preparation', 'M2_Clipping_Cutting', 'M2_Cleaning_Coagulation', 'CZ_Gallbladder_Dissection', 'CZ_Cleaning_Coagulation', 'M2_Calot_Triangle_Dissection'}",1718274924,checkpoint_000002,True,False,3,0b53e_00015,2024-06-13_12-35-24,187.59809732437134,579.9945232868195,130616,fb-OMEN-by-HP-45L-Gaming-Desktop-GT22-0xxx,129.69.82.151,579.9945232868195,3
50.00000128149986,7.01030158996582,3.6563326871318003,0.48000005,6.143352,"{'LH_Washing', 'HC_Exception', 'HCH_Galbladder_Packaging', 'HC_Creation_of_stoma', 'HC_Dissection_of_lymph_nodes_and_blood_vessels_en_bloc', 'HC_Dissection_and_resection_of_the_rectum', 'GR_Development_of_the_plane_between_the_prostate_and_rectum', 'CA_Phacoemulsificiation', 'GR_Left_pelvic_isolated_lymphadenectomy', 'HC_Extra-abdominal_preparation_of_anastomosis', 'HCH_Cleaning_Coagulation', 'CA_Lens_implant_setting-up', 'HC_General_preparation_and_orientation_in_the_abdomen', 'CA_Viscous_agent_removal', 'LH_Dividing_Ligament_and_Peritoneum', 'CZ_Gallbladder_Retraction', 'HC_Mobilization_of_sigmoid_colon_and_descending_colon', 'HCH_Preparation', 'HCH_Galbladder_Retraction', 'HC_Mobilization_of_splenic_flexure', 'HC_Mobilization_of_ascending_colon', 'LH_Transecting_the_Vagina', 'LH_Dividing_Uterine_Vessels_and_Ligament', 'HC_Intra-abdominal_preparation_of_anastomosis', 'CZ_Gallbladder_Packaging', 'CA_Hydrodissection', 'CZ_Preparation', 'CA_Tonifying_and_antibiotics', 'LH_Specimen_Removal', 'CZ_Gallbladder_Dissection', 'LH_Preparation', 'CZ_Cleaning_Coagulation', 'HCH_Clipping_Cutting', 'CZ_Calot_Triangle_Dissection', 'CA_Capsule_Polishing', 'HC_Finalization_of_operation', 'GR_Severing_of_the_prostate_from_the_urethra', 'HCH_Galbladder_Dissection', 'CZ_Clipping_Cutting', 'GR_Idle', 'CA_Viscous_agent_injection', 'HCH_Calot_Triangle_Dissection', 'CA_Incision', 'GR_Seminal_vesicle_dissection'}","{'CZ_Calot_Triangle_Dissection', 'CZ_Gallbladder_Packaging', 'CZ_Gallbladder_Retraction', 'M2_Gallbladder_Retraction', 'CZ_Trocar_Placement', 'CZ_Preparation', 'M2_Trocar_Placement', 'M2_Gallbladder_Dissection', 'M2_Gallbladder_Packaging', 'CZ_Clipping_Cutting', 'M2_Preparation', 'M2_Clipping_Cutting', 'M2_Cleaning_Coagulation', 'CZ_Gallbladder_Dissection', 'CZ_Cleaning_Coagulation', 'M2_Calot_Triangle_Dissection'}",1718275112,checkpoint_000003,True,False,4,0b53e_00015,2024-06-13_12-38-32,187.98256516456604,767.9770884513855,130616,fb-OMEN-by-HP-45L-Gaming-Desktop-GT22-0xxx,129.69.82.151,767.9770884513855,4
58.20000125467777,7.423732280731201,4.261636836458474,0.496,6.646458,"{'LH_Washing', 'HC_Exception', 'HCH_Galbladder_Packaging', 'HC_Creation_of_stoma', 'CA_Irrigation_and_aspiration', 'HC_Dissection_of_lymph_nodes_and_blood_vessels_en_bloc', 'HC_Dissection_and_resection_of_the_rectum', 'GR_Development_of_the_plane_between_the_prostate_and_rectum', 'CA_Phacoemulsificiation', 'GR_Left_pelvic_isolated_lymphadenectomy', 'GR_Right_pelvic_isolated_lymphadenectomy', 'HC_General_preparation_and_orientation_in_the_abdomen', 'CA_Viscous_agent_removal', 'LH_Dividing_Ligament_and_Peritoneum', 'CZ_Gallbladder_Retraction', 'LH_Suturing', 'HC_Mobilization_of_sigmoid_colon_and_descending_colon', 'HCH_Galbladder_Retraction', 'HC_Mobilization_of_splenic_flexure', 'HC_Mobilization_of_ascending_colon', 'HC_Retroperitoneal_preparation_towards_lower_pancreatic_border', 'HC_Mobilization_of_transverse_colon', 'LH_Transecting_the_Vagina', 'LH_Dividing_Uterine_Vessels_and_Ligament', 'HC_Intra-abdominal_preparation_of_anastomosis', 'CZ_Gallbladder_Packaging', 'GR_Bladder_neck_reconstruction', 'CZ_Preparation', 'CA_Tonifying_and_antibiotics', 'LH_Specimen_Removal', 'GR_Prostatic_pedicle_control', 'CA_Rhexis', 'LH_Preparation', 'CZ_Cleaning_Coagulation', 'HCH_Clipping_Cutting', 'CZ_Calot_Triangle_Dissection', 'CA_Capsule_Polishing', 'HC_Retroperitoneal_preparation_of_duodenum_and_pancreatic_head', 'HC_Finalization_of_operation', 'GR_Ligation_of_the_deep_dorsal_venous_complex', 'GR_Severing_of_the_prostate_from_the_urethra', 'HCH_Galbladder_Dissection', 'GR_Idle', 'CA_Viscous_agent_injection', 'HCH_Calot_Triangle_Dissection', 'CA_Incision', 'GR_Seminal_vesicle_dissection'}","{'CZ_Calot_Triangle_Dissection', 'CZ_Gallbladder_Packaging', 'CZ_Gallbladder_Retraction', 'M2_Gallbladder_Retraction', 'CZ_Trocar_Placement', 'CZ_Preparation', 'M2_Trocar_Placement', 'M2_Gallbladder_Dissection', 'M2_Gallbladder_Packaging', 'CZ_Clipping_Cutting', 'M2_Preparation', 'M2_Clipping_Cutting', 'M2_Cleaning_Coagulation', 'CZ_Gallbladder_Dissection', 'CZ_Cleaning_Coagulation', 'M2_Calot_Triangle_Dissection'}",1718275299,checkpoint_000004,True,False,5,0b53e_00015,2024-06-13_12-41-40,187.85399961471558,955.8310880661011,130616,fb-OMEN-by-HP-45L-Gaming-Desktop-GT22-0xxx,129.69.82.151,955.8310880661011,5
60.20000149309636,4.90395975112915,3.780107875142658,0.478,6.663603,"{'LH_Washing', 'HC_Exception', 'HCH_Galbladder_Packaging', 'CA_Irrigation_and_aspiration', 'CA_Phacoemulsificiation', 'GR_Left_pelvic_isolated_lymphadenectomy', 'HCH_Cleaning_Coagulation', 'GR_Right_pelvic_isolated_lymphadenectomy', 'CA_Lens_implant_setting-up', 'HC_General_preparation_and_orientation_in_the_abdomen', 'CA_Viscous_agent_removal', 'LH_Dividing_Ligament_and_Peritoneum', 'CZ_Gallbladder_Retraction', 'LH_Suturing', 'HC_Mobilization_of_sigmoid_colon_and_descending_colon', 'HCH_Preparation', 'HCH_Galbladder_Retraction', 'HC_Mobilization_of_ascending_colon', 'LH_Transecting_the_Vagina', 'LH_Dividing_Uterine_Vessels_and_Ligament', 'HC_Intra-abdominal_preparation_of_anastomosis', 'CZ_Gallbladder_Packaging', 'CA_Hydrodissection', 'CZ_Preparation', 'CA_Tonifying_and_antibiotics', 'LH_Specimen_Removal', 'CZ_Gallbladder_Dissection', 'CA_Rhexis', 'GR_Prostatic_pedicle_control', 'CZ_Cleaning_Coagulation', 'HCH_Clipping_Cutting', 'CZ_Calot_Triangle_Dissection', 'HC_Retroperitoneal_preparation_of_duodenum_and_pancreatic_head', 'HC_Finalization_of_operation', 'GR_Ligation_of_the_deep_dorsal_venous_complex', 'GR_Severing_of_the_prostate_from_the_urethra', 'GR_Bladder_neck_identification_and_transection', 'HCH_Galbladder_Dissection', 'CZ_Clipping_Cutting', 'GR_Idle', 'HCH_Calot_Triangle_Dissection', 'CA_Incision', 'GR_Seminal_vesicle_dissection', 'GR_Developing_the_Space_of_Retzius'}","{'CZ_Calot_Triangle_Dissection', 'CZ_Gallbladder_Packaging', 'CZ_Gallbladder_Retraction', 'M2_Gallbladder_Retraction', 'CZ_Trocar_Placement', 'CZ_Preparation', 'M2_Trocar_Placement', 'M2_Gallbladder_Dissection', 'M2_Gallbladder_Packaging', 'CZ_Clipping_Cutting', 'M2_Preparation', 'M2_Clipping_Cutting', 'M2_Cleaning_Coagulation', 'CZ_Gallbladder_Dissection', 'CZ_Cleaning_Coagulation', 'M2_Calot_Triangle_Dissection'}",1718275488,checkpoint_000005,True,False,6,0b53e_00015,2024-06-13_12-44-49,189.0136227607727,1144.8447108268738,130616,fb-OMEN-by-HP-45L-Gaming-Desktop-GT22-0xxx,129.69.82.151,1144.8447108268738,6
58.40000118315219,5.732846736907959,4.099353040457717,0.53000003,5.5377183,"{'LH_Washing', 'HC_Exception', 'HC_Dissection_of_lymph_nodes_and_blood_vessels_en_bloc', 'HC_Dissection_and_resection_of_the_rectum', 'CA_Phacoemulsificiation', 'GR_Left_pelvic_isolated_lymphadenectomy', 'HC_Extra-abdominal_preparation_of_anastomosis', 'GR_Right_pelvic_isolated_lymphadenectomy', 'HC_General_preparation_and_orientation_in_the_abdomen', 'CA_Viscous_agent_removal', 'LH_Dividing_Ligament_and_Peritoneum', 'CZ_Gallbladder_Retraction', 'LH_Suturing', 'HC_Mobilization_of_sigmoid_colon_and_descending_colon', 'HCH_Galbladder_Retraction', 'HC_Mobilization_of_splenic_flexure', 'HC_Mobilization_of_ascending_colon', 'HC_Mobilization_of_transverse_colon', 'LH_Transecting_the_Vagina', 'LH_Dividing_Uterine_Vessels_and_Ligament', 'HC_Intra-abdominal_preparation_of_anastomosis', 'CZ_Gallbladder_Packaging', 'GR_Bladder_neck_reconstruction', 'CZ_Preparation', 'CA_Tonifying_and_antibiotics', 'CZ_Gallbladder_Dissection', 'GR_Prostatic_pedicle_control', 'LH_Preparation', 'CZ_Cleaning_Coagulation', 'HCH_Clipping_Cutting', 'CZ_Calot_Triangle_Dissection', 'HC_Retroperitoneal_preparation_of_duodenum_and_pancreatic_head', 'HC_Finalization_of_operation', 'GR_Ligation_of_the_deep_dorsal_venous_complex', 'GR_Severing_of_the_prostate_from_the_urethra', 'GR_Bladder_neck_identification_and_transection', 'HCH_Galbladder_Dissection', 'CZ_Clipping_Cutting', 'GR_Idle', 'HCH_Calot_Triangle_Dissection', 'CA_Incision', 'GR_Seminal_vesicle_dissection', 'GR_Developing_the_Space_of_Retzius'}","{'CZ_Calot_Triangle_Dissection', 'CZ_Gallbladder_Packaging', 'CZ_Gallbladder_Retraction', 'M2_Gallbladder_Retraction', 'CZ_Trocar_Placement', 'CZ_Preparation', 'M2_Trocar_Placement', 'M2_Gallbladder_Dissection', 'M2_Gallbladder_Packaging', 'CZ_Clipping_Cutting', 'M2_Preparation', 'M2_Clipping_Cutting', 'M2_Cleaning_Coagulation', 'CZ_Gallbladder_Dissection', 'CZ_Cleaning_Coagulation', 'M2_Calot_Triangle_Dissection'}",1718275677,checkpoint_000006,True,False,7,0b53e_00015,2024-06-13_12-47-58,189.02502298355103,1333.8697338104248,130616,fb-OMEN-by-HP-45L-Gaming-Desktop-GT22-0xxx,129.69.82.151,1333.8697338104248,7
59.80000120401382,8.276198387145996,4.129790255270121,0.54,5.439539,"{'LH_Washing', 'HC_Exception', 'HCH_Galbladder_Packaging', 'HC_Creation_of_stoma', 'CA_Irrigation_and_aspiration', 'HC_Dissection_of_lymph_nodes_and_blood_vessels_en_bloc', 'HC_Dissection_and_resection_of_the_rectum', 'GR_Development_of_the_plane_between_the_prostate_and_rectum', 'CA_Phacoemulsificiation', 'HCH_Cleaning_Coagulation', 'GR_Right_pelvic_isolated_lymphadenectomy', 'CA_Lens_implant_setting-up', 'HC_General_preparation_and_orientation_in_the_abdomen', 'LH_Dividing_Ligament_and_Peritoneum', 'CZ_Gallbladder_Retraction', 'LH_Suturing', 'HC_Mobilization_of_sigmoid_colon_and_descending_colon', 'HCH_Preparation', 'HC_Mobilization_of_splenic_flexure', 'HC_Mobilization_of_ascending_colon', 'HC_Retroperitoneal_preparation_towards_lower_pancreatic_border', 'HC_Mobilization_of_transverse_colon', 'LH_Transecting_the_Vagina', 'LH_Dividing_Uterine_Vessels_and_Ligament', 'GR_Bladder_neck_reconstruction', 'CA_Hydrodissection', 'CZ_Preparation', 'LH_Specimen_Removal', 'CZ_Gallbladder_Dissection', 'CA_Rhexis', 'LH_Preparation', 'GR_Prostatic_pedicle_control', 'HCH_Clipping_Cutting', 'CZ_Calot_Triangle_Dissection', 'HC_Finalization_of_operation', 'GR_Ligation_of_the_deep_dorsal_venous_complex', 'GR_Severing_of_the_prostate_from_the_urethra', 'GR_Bladder_neck_identification_and_transection', 'HCH_Galbladder_Dissection', 'CZ_Clipping_Cutting', 'GR_Idle', 'CA_Viscous_agent_injection', 'HCH_Calot_Triangle_Dissection', 'CA_Incision', 'GR_Seminal_vesicle_dissection', 'GR_Developing_the_Space_of_Retzius'}","{'CZ_Calot_Triangle_Dissection', 'CZ_Gallbladder_Packaging', 'CZ_Gallbladder_Retraction', 'M2_Gallbladder_Retraction', 'CZ_Trocar_Placement', 'CZ_Preparation', 'M2_Trocar_Placement', 'M2_Gallbladder_Dissection', 'M2_Gallbladder_Packaging', 'CZ_Clipping_Cutting', 'M2_Preparation', 'M2_Clipping_Cutting', 'M2_Cleaning_Coagulation', 'CZ_Gallbladder_Dissection', 'CZ_Cleaning_Coagulation', 'M2_Calot_Triangle_Dissection'}",1718275866,checkpoint_000007,True,False,8,0b53e_00015,2024-06-13_12-51-07,188.93095993995667,1522.8006937503815,130616,fb-OMEN-by-HP-45L-Gaming-Desktop-GT22-0xxx,129.69.82.151,1522.8006937503815,8
58.000001296401024,6.955799579620361,4.347490340797069,0.544,5.6852183,"{'LH_Washing', 'HC_Exception', 'HCH_Galbladder_Packaging', 'CA_Irrigation_and_aspiration', 'HC_Dissection_and_resection_of_the_rectum', 'GR_Development_of_the_plane_between_the_prostate_and_rectum', 'CA_Phacoemulsificiation', 'GR_Left_pelvic_isolated_lymphadenectomy', 'HC_Extra-abdominal_preparation_of_anastomosis', 'HCH_Cleaning_Coagulation', 'GR_Right_pelvic_isolated_lymphadenectomy', 'CA_Lens_implant_setting-up', 'HC_General_preparation_and_orientation_in_the_abdomen', 'CA_Viscous_agent_removal', 'LH_Dividing_Ligament_and_Peritoneum', 'CZ_Gallbladder_Retraction', 'LH_Suturing', 'HCH_Preparation', 'HCH_Galbladder_Retraction', 'HC_Mobilization_of_splenic_flexure', 'HC_Mobilization_of_ascending_colon', 'HC_Retroperitoneal_preparation_towards_lower_pancreatic_border', 'LH_Transecting_the_Vagina', 'LH_Dividing_Uterine_Vessels_and_Ligament', 'CZ_Gallbladder_Packaging', 'GR_Bladder_neck_reconstruction', 'CZ_Preparation', 'CA_Tonifying_and_antibiotics', 'CZ_Gallbladder_Dissection', 'CA_Rhexis', 'GR_Prostatic_pedicle_control', 'CZ_Cleaning_Coagulation', 'CZ_Calot_Triangle_Dissection', 'CA_Capsule_Polishing', 'HC_Finalization_of_operation', 'GR_Ligation_of_the_deep_dorsal_venous_complex', 'GR_Severing_of_the_prostate_from_the_urethra', 'GR_Bladder_neck_identification_and_transection', 'HCH_Galbladder_Dissection', 'CZ_Clipping_Cutting', 'GR_Idle', 'CA_Viscous_agent_injection', 'HCH_Calot_Triangle_Dissection', 'CA_Incision', 'GR_Seminal_vesicle_dissection'}","{'CZ_Calot_Triangle_Dissection', 'CZ_Gallbladder_Packaging', 'CZ_Gallbladder_Retraction', 'M2_Gallbladder_Retraction', 'CZ_Trocar_Placement', 'CZ_Preparation', 'M2_Trocar_Placement', 'M2_Gallbladder_Dissection', 'M2_Gallbladder_Packaging', 'CZ_Clipping_Cutting', 'M2_Preparation', 'M2_Clipping_Cutting', 'M2_Cleaning_Coagulation', 'CZ_Gallbladder_Dissection', 'CZ_Cleaning_Coagulation', 'M2_Calot_Triangle_Dissection'}",1718276055,checkpoint_000008,True,False,9,0b53e_00015,2024-06-13_12-54-15,188.12467908859253,1710.925372838974,130616,fb-OMEN-by-HP-45L-Gaming-Desktop-GT22-0xxx,129.69.82.151,1710.925372838974,9
51.80000114440918,8.147062301635742,3.9237223036473745,0.566,5.224261,"{'LH_Washing', 'HC_Exception', 'HCH_Galbladder_Packaging', 'CA_Irrigation_and_aspiration', 'HC_Dissection_of_lymph_nodes_and_blood_vessels_en_bloc', 'HC_Dissection_and_resection_of_the_rectum', 'GR_Development_of_the_plane_between_the_prostate_and_rectum', 'CA_Phacoemulsificiation', 'HC_Extra-abdominal_preparation_of_anastomosis', 'HCH_Cleaning_Coagulation', 'GR_Right_pelvic_isolated_lymphadenectomy', 'CA_Lens_implant_setting-up', 'HC_General_preparation_and_orientation_in_the_abdomen', 'CA_Viscous_agent_removal', 'LH_Dividing_Ligament_and_Peritoneum', 'CZ_Gallbladder_Retraction', 'LH_Suturing', 'HC_Mobilization_of_sigmoid_colon_and_descending_colon', 'HCH_Preparation', 'HCH_Galbladder_Retraction', 'HC_Mobilization_of_splenic_flexure', 'HC_Mobilization_of_ascending_colon', 'HC_Retroperitoneal_preparation_towards_lower_pancreatic_border', 'HC_Mobilization_of_transverse_colon', 'LH_Transecting_the_Vagina', 'LH_Dividing_Uterine_Vessels_and_Ligament', 'CZ_Gallbladder_Packaging', 'GR_Bladder_neck_reconstruction', 'CA_Tonifying_and_antibiotics', 'LH_Specimen_Removal', 'CZ_Gallbladder_Dissection', 'CA_Rhexis', 'LH_Preparation', 'GR_Prostatic_pedicle_control', 'CZ_Cleaning_Coagulation', 'HCH_Clipping_Cutting', 'CZ_Calot_Triangle_Dissection', 'CA_Capsule_Polishing', 'HC_Finalization_of_operation', 'GR_Ligation_of_the_deep_dorsal_venous_complex', 'GR_Severing_of_the_prostate_from_the_urethra', 'GR_Bladder_neck_identification_and_transection', 'HCH_Galbladder_Dissection', 'CZ_Clipping_Cutting', 'GR_Idle', 'HCH_Calot_Triangle_Dissection', 'CA_Incision', 'GR_Seminal_vesicle_dissection', 'GR_Developing_the_Space_of_Retzius'}","{'CZ_Calot_Triangle_Dissection', 'CZ_Gallbladder_Packaging', 'CZ_Gallbladder_Retraction', 'M2_Gallbladder_Retraction', 'CZ_Trocar_Placement', 'CZ_Preparation', 'M2_Trocar_Placement', 'M2_Gallbladder_Dissection', 'M2_Gallbladder_Packaging', 'CZ_Clipping_Cutting', 'M2_Preparation', 'M2_Clipping_Cutting', 'M2_Cleaning_Coagulation', 'CZ_Gallbladder_Dissection', 'CZ_Cleaning_Coagulation', 'M2_Calot_Triangle_Dissection'}",1718276243,checkpoint_000009,True,False,10,0b53e_00015,2024-06-13_12-57-24,188.6786539554596,1899.6040267944336,130616,fb-OMEN-by-HP-45L-Gaming-Desktop-GT22-0xxx,129.69.82.151,1899.6040267944336,10
51.600001141428955,7.2148613929748535,4.5098744664782835,0.514,6.12664,"{'LH_Washing', 'HCH_Galbladder_Packaging', 'HC_Creation_of_stoma', 'CA_Irrigation_and_aspiration', 'HC_Dissection_of_lymph_nodes_and_blood_vessels_en_bloc', 'HC_Dissection_and_resection_of_the_rectum', 'GR_Development_of_the_plane_between_the_prostate_and_rectum', 'GR_Left_pelvic_isolated_lymphadenectomy', 'HC_Extra-abdominal_preparation_of_anastomosis', 'HCH_Cleaning_Coagulation', 'CA_Lens_implant_setting-up', 'CA_Viscous_agent_removal', 'LH_Dividing_Ligament_and_Peritoneum', 'CZ_Gallbladder_Retraction', 'LH_Suturing', 'HC_Mobilization_of_sigmoid_colon_and_descending_colon', 'HCH_Preparation', 'HC_Mobilization_of_splenic_flexure', 'HC_Retroperitoneal_preparation_towards_lower_pancreatic_border', 'HC_Mobilization_of_transverse_colon', 'LH_Transecting_the_Vagina', 'LH_Dividing_Uterine_Vessels_and_Ligament', 'HC_Intra-abdominal_preparation_of_anastomosis', 'GR_Bladder_neck_reconstruction', 'CZ_Preparation', 'CA_Tonifying_and_antibiotics', 'LH_Specimen_Removal', 'CZ_Gallbladder_Dissection', 'CA_Rhexis', 'LH_Preparation', 'GR_Prostatic_pedicle_control', 'CZ_Cleaning_Coagulation', 'HCH_Clipping_Cutting', 'CZ_Calot_Triangle_Dissection', 'HC_Retroperitoneal_preparation_of_duodenum_and_pancreatic_head', 'GR_Ligation_of_the_deep_dorsal_venous_complex', 'GR_Severing_of_the_prostate_from_the_urethra', 'GR_Bladder_neck_identification_and_transection', 'HCH_Galbladder_Dissection', 'CZ_Clipping_Cutting', 'GR_Idle', 'CA_Viscous_agent_injection', 'HCH_Calot_Triangle_Dissection', 'CA_Incision', 'GR_Seminal_vesicle_dissection', 'GR_Developing_the_Space_of_Retzius'}","{'CZ_Calot_Triangle_Dissection', 'CZ_Gallbladder_Packaging', 'CZ_Gallbladder_Retraction', 'M2_Gallbladder_Retraction', 'CZ_Trocar_Placement', 'CZ_Preparation', 'M2_Trocar_Placement', 'M2_Gallbladder_Dissection', 'M2_Gallbladder_Packaging', 'CZ_Clipping_Cutting', 'M2_Preparation', 'M2_Clipping_Cutting', 'M2_Cleaning_Coagulation', 'CZ_Gallbladder_Dissection', 'CZ_Cleaning_Coagulation', 'M2_Calot_Triangle_Dissection'}",1718276431,checkpoint_000010,True,False,11,0b53e_00015,2024-06-13_13-00-32,188.15718579292297,2087.7612125873566,130616,fb-OMEN-by-HP-45L-Gaming-Desktop-GT22-0xxx,129.69.82.151,2087.7612125873566,11
57.400001257658005,5.441407203674316,4.423003982433222,0.442,6.2875934,"{'LH_Washing', 'HC_Exception', 'HCH_Galbladder_Packaging', 'HC_Creation_of_stoma', 'CA_Irrigation_and_aspiration', 'HC_Dissection_and_resection_of_the_rectum', 'CA_Phacoemulsificiation', 'GR_Left_pelvic_isolated_lymphadenectomy', 'HC_Extra-abdominal_preparation_of_anastomosis', 'HCH_Cleaning_Coagulation', 'CA_Lens_implant_setting-up', 'CA_Viscous_agent_removal', 'LH_Dividing_Ligament_and_Peritoneum', 'CZ_Gallbladder_Retraction', 'LH_Suturing', 'HCH_Preparation', 'HCH_Galbladder_Retraction', 'HC_Mobilization_of_splenic_flexure', 'HC_Mobilization_of_ascending_colon', 'HC_Retroperitoneal_preparation_towards_lower_pancreatic_border', 'HC_Mobilization_of_transverse_colon', 'LH_Transecting_the_Vagina', 'LH_Dividing_Uterine_Vessels_and_Ligament', 'HC_Intra-abdominal_preparation_of_anastomosis', 'CZ_Gallbladder_Packaging', 'GR_Bladder_neck_reconstruction', 'CA_Hydrodissection', 'CZ_Preparation', 'CA_Tonifying_and_antibiotics', 'LH_Specimen_Removal', 'CZ_Gallbladder_Dissection', 'CA_Rhexis', 'LH_Preparation', 'GR_Prostatic_pedicle_control', 'HCH_Clipping_Cutting', 'CZ_Calot_Triangle_Dissection', 'CA_Capsule_Polishing', 'HC_Retroperitoneal_preparation_of_duodenum_and_pancreatic_head', 'HC_Finalization_of_operation', 'GR_Ligation_of_the_deep_dorsal_venous_complex', 'GR_Severing_of_the_prostate_from_the_urethra', 'HCH_Galbladder_Dissection', 'CZ_Clipping_Cutting', 'GR_Idle', 'CA_Viscous_agent_injection', 'HCH_Calot_Triangle_Dissection', 'GR_Seminal_vesicle_dissection'}","{'CZ_Calot_Triangle_Dissection', 'CZ_Gallbladder_Packaging', 'CZ_Gallbladder_Retraction', 'M2_Gallbladder_Retraction', 'CZ_Trocar_Placement', 'CZ_Preparation', 'M2_Trocar_Placement', 'M2_Gallbladder_Dissection', 'M2_Gallbladder_Packaging', 'CZ_Clipping_Cutting', 'M2_Preparation', 'M2_Clipping_Cutting', 'M2_Cleaning_Coagulation', 'CZ_Gallbladder_Dissection', 'CZ_Cleaning_Coagulation', 'M2_Calot_Triangle_Dissection'}",1718276620,checkpoint_000011,True,False,12,0b53e_00015,2024-06-13_13-03-40,188.44312071800232,2276.204333305359,130616,fb-OMEN-by-HP-45L-Gaming-Desktop-GT22-0xxx,129.69.82.151,2276.204333305359,12
58.600001245737076,5.415651798248291,4.2674021364075365,0.52,6.162413,"{'LH_Washing', 'HC_Exception', 'HCH_Galbladder_Packaging', 'HC_Creation_of_stoma', 'CA_Irrigation_and_aspiration', 'HC_Dissection_of_lymph_nodes_and_blood_vessels_en_bloc', 'GR_Development_of_the_plane_between_the_prostate_and_rectum', 'CA_Phacoemulsificiation', 'GR_Left_pelvic_isolated_lymphadenectomy', 'HC_Extra-abdominal_preparation_of_anastomosis', 'HCH_Cleaning_Coagulation', 'GR_Right_pelvic_isolated_lymphadenectomy', 'CA_Lens_implant_setting-up', 'HC_General_preparation_and_orientation_in_the_abdomen', 'CA_Viscous_agent_removal', 'LH_Dividing_Ligament_and_Peritoneum', 'CZ_Gallbladder_Retraction', 'LH_Suturing', 'HCH_Preparation', 'HCH_Galbladder_Retraction', 'HC_Mobilization_of_splenic_flexure', 'HC_Retroperitoneal_preparation_towards_lower_pancreatic_border', 'HC_Mobilization_of_transverse_colon', 'LH_Dividing_Uterine_Vessels_and_Ligament', 'HC_Intra-abdominal_preparation_of_anastomosis', 'CZ_Gallbladder_Packaging', 'GR_Bladder_neck_reconstruction', 'CA_Hydrodissection', 'CZ_Preparation', 'CA_Tonifying_and_antibiotics', 'LH_Specimen_Removal', 'GR_Prostatic_pedicle_control', 'CA_Rhexis', 'LH_Preparation', 'CZ_Cleaning_Coagulation', 'HCH_Clipping_Cutting', 'CZ_Calot_Triangle_Dissection', 'CA_Capsule_Polishing', 'HC_Retroperitoneal_preparation_of_duodenum_and_pancreatic_head', 'GR_Ligation_of_the_deep_dorsal_venous_complex', 'GR_Severing_of_the_prostate_from_the_urethra', 'GR_Bladder_neck_identification_and_transection', 'HCH_Galbladder_Dissection', 'CZ_Clipping_Cutting', 'HCH_Calot_Triangle_Dissection', 'CA_Incision', 'GR_Seminal_vesicle_dissection', 'GR_Developing_the_Space_of_Retzius'}","{'CZ_Calot_Triangle_Dissection', 'CZ_Gallbladder_Packaging', 'CZ_Gallbladder_Retraction', 'M2_Gallbladder_Retraction', 'CZ_Trocar_Placement', 'CZ_Preparation', 'M2_Trocar_Placement', 'M2_Gallbladder_Dissection', 'M2_Gallbladder_Packaging', 'CZ_Clipping_Cutting', 'M2_Preparation', 'M2_Clipping_Cutting', 'M2_Cleaning_Coagulation', 'CZ_Gallbladder_Dissection', 'CZ_Cleaning_Coagulation', 'M2_Calot_Triangle_Dissection'}",1718276807,checkpoint_000012,True,False,13,0b53e_00015,2024-06-13_13-06-48,187.49297618865967,2463.6973094940186,130616,fb-OMEN-by-HP-45L-Gaming-Desktop-GT22-0xxx,129.69.82.151,2463.6973094940186,13
61.40000128746033,5.970479488372803,4.120850481861173,0.512,5.900302,"{'LH_Washing', 'HC_Exception', 'HCH_Galbladder_Packaging', 'HC_Creation_of_stoma', 'CA_Irrigation_and_aspiration', 'HC_Dissection_of_lymph_nodes_and_blood_vessels_en_bloc', 'HC_Dissection_and_resection_of_the_rectum', 'GR_Development_of_the_plane_between_the_prostate_and_rectum', 'CA_Phacoemulsificiation', 'GR_Left_pelvic_isolated_lymphadenectomy', 'HC_Extra-abdominal_preparation_of_anastomosis', 'HCH_Cleaning_Coagulation', 'GR_Right_pelvic_isolated_lymphadenectomy', 'HC_General_preparation_and_orientation_in_the_abdomen', 'CA_Viscous_agent_removal', 'LH_Dividing_Ligament_and_Peritoneum', 'CZ_Gallbladder_Retraction', 'LH_Suturing', 'HC_Mobilization_of_sigmoid_colon_and_descending_colon', 'HCH_Preparation', 'HCH_Galbladder_Retraction', 'HC_Retroperitoneal_preparation_towards_lower_pancreatic_border', 'HC_Mobilization_of_transverse_colon', 'LH_Transecting_the_Vagina', 'LH_Dividing_Uterine_Vessels_and_Ligament', 'HC_Intra-abdominal_preparation_of_anastomosis', 'CZ_Gallbladder_Packaging', 'CZ_Preparation', 'CA_Tonifying_and_antibiotics', 'LH_Specimen_Removal', 'CZ_Gallbladder_Dissection', 'CA_Rhexis', 'LH_Preparation', 'CZ_Cleaning_Coagulation', 'HCH_Clipping_Cutting', 'CZ_Calot_Triangle_Dissection', 'CA_Capsule_Polishing', 'HC_Retroperitoneal_preparation_of_duodenum_and_pancreatic_head', 'GR_Ligation_of_the_deep_dorsal_venous_complex', 'GR_Severing_of_the_prostate_from_the_urethra', 'HCH_Galbladder_Dissection', 'CZ_Clipping_Cutting', 'GR_Idle', 'CA_Viscous_agent_injection', 'HCH_Calot_Triangle_Dissection', 'GR_Seminal_vesicle_dissection'}","{'CZ_Calot_Triangle_Dissection', 'CZ_Gallbladder_Packaging', 'CZ_Gallbladder_Retraction', 'M2_Gallbladder_Retraction', 'CZ_Trocar_Placement', 'CZ_Preparation', 'M2_Trocar_Placement', 'M2_Gallbladder_Dissection', 'M2_Gallbladder_Packaging', 'CZ_Clipping_Cutting', 'M2_Preparation', 'M2_Clipping_Cutting', 'M2_Cleaning_Coagulation', 'CZ_Gallbladder_Dissection', 'CZ_Cleaning_Coagulation', 'M2_Calot_Triangle_Dissection'}",1718276996,checkpoint_000013,True,False,14,0b53e_00015,2024-06-13_13-09-56,188.2179365158081,2651.9152460098267,130616,fb-OMEN-by-HP-45L-Gaming-Desktop-GT22-0xxx,129.69.82.151,2651.9152460098267,14
50.4000011831522,15.332930564880371,3.9387711504086673,0.51,6.137905,"{'LH_Washing', 'HC_Exception', 'HCH_Galbladder_Packaging', 'HC_Creation_of_stoma', 'CA_Irrigation_and_aspiration', 'HC_Dissection_of_lymph_nodes_and_blood_vessels_en_bloc', 'GR_Development_of_the_plane_between_the_prostate_and_rectum', 'CA_Phacoemulsificiation', 'GR_Left_pelvic_isolated_lymphadenectomy', 'HCH_Cleaning_Coagulation', 'GR_Right_pelvic_isolated_lymphadenectomy', 'CA_Lens_implant_setting-up', 'HC_General_preparation_and_orientation_in_the_abdomen', 'CA_Viscous_agent_removal', 'LH_Dividing_Ligament_and_Peritoneum', 'CZ_Gallbladder_Retraction', 'LH_Suturing', 'HC_Mobilization_of_sigmoid_colon_and_descending_colon', 'HCH_Preparation', 'HCH_Galbladder_Retraction', 'HC_Mobilization_of_splenic_flexure', 'HC_Mobilization_of_ascending_colon', 'HC_Retroperitoneal_preparation_towards_lower_pancreatic_border', 'HC_Mobilization_of_transverse_colon', 'LH_Transecting_the_Vagina', 'LH_Dividing_Uterine_Vessels_and_Ligament', 'HC_Intra-abdominal_preparation_of_anastomosis', 'CZ_Gallbladder_Packaging', 'GR_Bladder_neck_reconstruction', 'CA_Hydrodissection', 'CZ_Preparation', 'CA_Tonifying_and_antibiotics', 'LH_Specimen_Removal', 'CZ_Gallbladder_Dissection', 'GR_Prostatic_pedicle_control', 'LH_Preparation', 'CZ_Cleaning_Coagulation', 'HCH_Clipping_Cutting', 'CZ_Calot_Triangle_Dissection', 'CA_Capsule_Polishing', 'GR_Severing_of_the_prostate_from_the_urethra', 'GR_Bladder_neck_identification_and_transection', 'HCH_Galbladder_Dissection', 'CZ_Clipping_Cutting', 'GR_Idle', 'CA_Viscous_agent_injection', 'HCH_Calot_Triangle_Dissection', 'CA_Incision', 'GR_Seminal_vesicle_dissection', 'GR_Developing_the_Space_of_Retzius'}","{'CZ_Calot_Triangle_Dissection', 'CZ_Gallbladder_Packaging', 'CZ_Gallbladder_Retraction', 'M2_Gallbladder_Retraction', 'CZ_Trocar_Placement', 'CZ_Preparation', 'M2_Trocar_Placement', 'M2_Gallbladder_Dissection', 'M2_Gallbladder_Packaging', 'CZ_Clipping_Cutting', 'M2_Preparation', 'M2_Clipping_Cutting', 'M2_Cleaning_Coagulation', 'CZ_Gallbladder_Dissection', 'CZ_Cleaning_Coagulation', 'M2_Calot_Triangle_Dissection'}",1718277184,checkpoint_000014,True,False,15,0b53e_00015,2024-06-13_13-13-05,188.65368795394897,2840.5689339637756,130616,fb-OMEN-by-HP-45L-Gaming-Desktop-GT22-0xxx,129.69.82.151,2840.5689339637756,15
63.20000123977662,6.789957523345947,4.355259371618622,0.57199997,5.8277483,"{'LH_Washing', 'HC_Exception', 'HCH_Galbladder_Packaging', 'HC_Creation_of_stoma', 'CA_Irrigation_and_aspiration', 'HC_Dissection_of_lymph_nodes_and_blood_vessels_en_bloc', 'CA_Phacoemulsificiation', 'HC_Extra-abdominal_preparation_of_anastomosis', 'HCH_Cleaning_Coagulation', 'GR_Right_pelvic_isolated_lymphadenectomy', 'CA_Lens_implant_setting-up', 'HC_General_preparation_and_orientation_in_the_abdomen', 'CA_Viscous_agent_removal', 'LH_Dividing_Ligament_and_Peritoneum', 'CZ_Gallbladder_Retraction', 'LH_Suturing', 'HC_Mobilization_of_sigmoid_colon_and_descending_colon', 'HCH_Preparation', 'HC_Mobilization_of_splenic_flexure', 'HC_Retroperitoneal_preparation_towards_lower_pancreatic_border', 'LH_Transecting_the_Vagina', 'LH_Dividing_Uterine_Vessels_and_Ligament', 'CZ_Gallbladder_Packaging', 'GR_Bladder_neck_reconstruction', 'CZ_Preparation', 'CA_Tonifying_and_antibiotics', 'LH_Specimen_Removal', 'CZ_Gallbladder_Dissection', 'CA_Rhexis', 'LH_Preparation', 'CZ_Cleaning_Coagulation', 'HCH_Clipping_Cutting', 'CZ_Calot_Triangle_Dissection', 'CA_Capsule_Polishing', 'HC_Finalization_of_operation', 'GR_Ligation_of_the_deep_dorsal_venous_complex', 'HCH_Galbladder_Dissection', 'CZ_Clipping_Cutting', 'GR_Idle', 'CA_Viscous_agent_injection', 'HCH_Calot_Triangle_Dissection', 'CA_Incision'}","{'CZ_Calot_Triangle_Dissection', 'CZ_Gallbladder_Packaging', 'CZ_Gallbladder_Retraction', 'M2_Gallbladder_Retraction', 'CZ_Trocar_Placement', 'CZ_Preparation', 'M2_Trocar_Placement', 'M2_Gallbladder_Dissection', 'M2_Gallbladder_Packaging', 'CZ_Clipping_Cutting', 'M2_Preparation', 'M2_Clipping_Cutting', 'M2_Cleaning_Coagulation', 'CZ_Gallbladder_Dissection', 'CZ_Cleaning_Coagulation', 'M2_Calot_Triangle_Dissection'}",1718277372,checkpoint_000015,True,False,16,0b53e_00015,2024-06-13_13-16-12,187.49813175201416,3028.06706571579,130616,fb-OMEN-by-HP-45L-Gaming-Desktop-GT22-0xxx,129.69.82.151,3028.06706571579,16
60.20000118017197,6.997034549713135,4.382517942449033,0.508,6.1163044,"{'LH_Washing', 'HCH_Galbladder_Packaging', 'CA_Irrigation_and_aspiration', 'HC_Dissection_of_lymph_nodes_and_blood_vessels_en_bloc', 'HC_Dissection_and_resection_of_the_rectum', 'GR_Development_of_the_plane_between_the_prostate_and_rectum', 'CA_Phacoemulsificiation', 'GR_Left_pelvic_isolated_lymphadenectomy', 'HCH_Cleaning_Coagulation', 'CA_Lens_implant_setting-up', 'HC_General_preparation_and_orientation_in_the_abdomen', 'CZ_Gallbladder_Retraction', 'LH_Suturing', 'HC_Mobilization_of_sigmoid_colon_and_descending_colon', 'HCH_Preparation', 'HCH_Galbladder_Retraction', 'HC_Mobilization_of_splenic_flexure', 'HC_Mobilization_of_ascending_colon', 'HC_Retroperitoneal_preparation_towards_lower_pancreatic_border', 'HC_Mobilization_of_transverse_colon', 'LH_Transecting_the_Vagina', 'LH_Dividing_Uterine_Vessels_and_Ligament', 'HC_Intra-abdominal_preparation_of_anastomosis', 'CZ_Gallbladder_Packaging', 'GR_Bladder_neck_reconstruction', 'CA_Hydrodissection', 'CZ_Preparation', 'CA_Tonifying_and_antibiotics', 'LH_Specimen_Removal', 'CZ_Gallbladder_Dissection', 'CA_Rhexis', 'LH_Preparation', 'GR_Prostatic_pedicle_control', 'HCH_Clipping_Cutting', 'CZ_Calot_Triangle_Dissection', 'CA_Capsule_Polishing', 'HC_Retroperitoneal_preparation_of_duodenum_and_pancreatic_head', 'HC_Finalization_of_operation', 'GR_Ligation_of_the_deep_dorsal_venous_complex', 'GR_Severing_of_the_prostate_from_the_urethra', 'GR_Bladder_neck_identification_and_transection', 'HCH_Galbladder_Dissection', 'HCH_Calot_Triangle_Dissection', 'CA_Incision', 'GR_Seminal_vesicle_dissection', 'GR_Developing_the_Space_of_Retzius'}","{'CZ_Calot_Triangle_Dissection', 'CZ_Gallbladder_Packaging', 'CZ_Gallbladder_Retraction', 'M2_Gallbladder_Retraction', 'CZ_Trocar_Placement', 'CZ_Preparation', 'M2_Trocar_Placement', 'M2_Gallbladder_Dissection', 'M2_Gallbladder_Packaging', 'CZ_Clipping_Cutting', 'M2_Preparation', 'M2_Clipping_Cutting', 'M2_Cleaning_Coagulation', 'CZ_Gallbladder_Dissection', 'CZ_Cleaning_Coagulation', 'M2_Calot_Triangle_Dissection'}",1718277560,checkpoint_000016,True,False,17,0b53e_00015,2024-06-13_13-19-20,188.03550815582275,3216.1025738716125,130616,fb-OMEN-by-HP-45L-Gaming-Desktop-GT22-0xxx,129.69.82.151,3216.1025738716125,17
68.20000134408474,5.03967809677124,3.884361968120141,0.552,5.8417573,"{'LH_Washing', 'HC_Exception', 'HCH_Galbladder_Packaging', 'HC_Creation_of_stoma', 'CA_Irrigation_and_aspiration', 'HC_Dissection_and_resection_of_the_rectum', 'GR_Development_of_the_plane_between_the_prostate_and_rectum', 'CA_Phacoemulsificiation', 'GR_Left_pelvic_isolated_lymphadenectomy', 'HC_Extra-abdominal_preparation_of_anastomosis', 'HCH_Cleaning_Coagulation', 'GR_Right_pelvic_isolated_lymphadenectomy', 'CA_Lens_implant_setting-up', 'HC_General_preparation_and_orientation_in_the_abdomen', 'CA_Viscous_agent_removal', 'LH_Dividing_Ligament_and_Peritoneum', 'CZ_Gallbladder_Retraction', 'LH_Suturing', 'HC_Mobilization_of_sigmoid_colon_and_descending_colon', 'HCH_Preparation', 'HC_Mobilization_of_ascending_colon', 'HC_Mobilization_of_transverse_colon', 'LH_Transecting_the_Vagina', 'LH_Dividing_Uterine_Vessels_and_Ligament', 'HC_Intra-abdominal_preparation_of_anastomosis', 'CZ_Gallbladder_Packaging', 'GR_Bladder_neck_reconstruction', 'CA_Hydrodissection', 'CZ_Preparation', 'CA_Tonifying_and_antibiotics', 'LH_Specimen_Removal', 'CZ_Gallbladder_Dissection', 'CA_Rhexis', 'LH_Preparation', 'GR_Prostatic_pedicle_control', 'CZ_Cleaning_Coagulation', 'HCH_Clipping_Cutting', 'CZ_Calot_Triangle_Dissection', 'CA_Capsule_Polishing', 'HC_Retroperitoneal_preparation_of_duodenum_and_pancreatic_head', 'HC_Finalization_of_operation', 'GR_Ligation_of_the_deep_dorsal_venous_complex', 'GR_Severing_of_the_prostate_from_the_urethra', 'GR_Bladder_neck_identification_and_transection', 'HCH_Galbladder_Dissection', 'CZ_Clipping_Cutting', 'GR_Idle', 'CA_Viscous_agent_injection', 'HCH_Calot_Triangle_Dissection', 'CA_Incision', 'GR_Seminal_vesicle_dissection', 'GR_Developing_the_Space_of_Retzius'}","{'CZ_Calot_Triangle_Dissection', 'CZ_Gallbladder_Packaging', 'CZ_Gallbladder_Retraction', 'M2_Gallbladder_Retraction', 'CZ_Trocar_Placement', 'CZ_Preparation', 'M2_Trocar_Placement', 'M2_Gallbladder_Dissection', 'M2_Gallbladder_Packaging', 'CZ_Clipping_Cutting', 'M2_Preparation', 'M2_Clipping_Cutting', 'M2_Cleaning_Coagulation', 'CZ_Gallbladder_Dissection', 'CZ_Cleaning_Coagulation', 'M2_Calot_Triangle_Dissection'}",1718277747,checkpoint_000017,True,False,18,0b53e_00015,2024-06-13_13-22-28,187.39084243774414,3403.4934163093567,130616,fb-OMEN-by-HP-45L-Gaming-Desktop-GT22-0xxx,129.69.82.151,3403.4934163093567,18
64.60000132024288,7.349015235900879,3.9533739104264085,0.538,5.540292,"{'LH_Washing', 'HC_Exception', 'HCH_Galbladder_Packaging', 'HC_Creation_of_stoma', 'CA_Irrigation_and_aspiration', 'HC_Dissection_of_lymph_nodes_and_blood_vessels_en_bloc', 'GR_Development_of_the_plane_between_the_prostate_and_rectum', 'CA_Phacoemulsificiation', 'HC_Extra-abdominal_preparation_of_anastomosis', 'HCH_Cleaning_Coagulation', 'CA_Lens_implant_setting-up', 'HC_General_preparation_and_orientation_in_the_abdomen', 'CA_Viscous_agent_removal', 'LH_Dividing_Ligament_and_Peritoneum', 'CZ_Gallbladder_Retraction', 'LH_Suturing', 'HCH_Preparation', 'HCH_Galbladder_Retraction', 'HC_Mobilization_of_splenic_flexure', 'HC_Mobilization_of_ascending_colon', 'LH_Transecting_the_Vagina', 'LH_Dividing_Uterine_Vessels_and_Ligament', 'CZ_Gallbladder_Packaging', 'GR_Bladder_neck_reconstruction', 'CA_Hydrodissection', 'CZ_Preparation', 'CA_Tonifying_and_antibiotics', 'LH_Specimen_Removal', 'CZ_Gallbladder_Dissection', 'CA_Rhexis', 'LH_Preparation', 'HCH_Clipping_Cutting', 'CZ_Calot_Triangle_Dissection', 'CA_Capsule_Polishing', 'HC_Finalization_of_operation', 'GR_Severing_of_the_prostate_from_the_urethra', 'GR_Bladder_neck_identification_and_transection', 'HCH_Galbladder_Dissection', 'CZ_Clipping_Cutting', 'GR_Idle', 'CA_Viscous_agent_injection', 'HCH_Calot_Triangle_Dissection', 'CA_Incision', 'GR_Seminal_vesicle_dissection', 'GR_Developing_the_Space_of_Retzius'}","{'CZ_Calot_Triangle_Dissection', 'CZ_Gallbladder_Packaging', 'CZ_Gallbladder_Retraction', 'M2_Gallbladder_Retraction', 'CZ_Trocar_Placement', 'CZ_Preparation', 'M2_Trocar_Placement', 'M2_Gallbladder_Dissection', 'M2_Gallbladder_Packaging', 'CZ_Clipping_Cutting', 'M2_Preparation', 'M2_Clipping_Cutting', 'M2_Cleaning_Coagulation', 'CZ_Gallbladder_Dissection', 'CZ_Cleaning_Coagulation', 'M2_Calot_Triangle_Dissection'}",1718277935,checkpoint_000018,True,False,19,0b53e_00015,2024-06-13_13-25-36,188.27537441253662,3591.7687907218933,130616,fb-OMEN-by-HP-45L-Gaming-Desktop-GT22-0xxx,129.69.82.151,3591.7687907218933,19
62.40000160038471,6.129833698272705,3.2457978823302525,0.59400004,5.379748,"{'LH_Washing', 'HC_Exception', 'HC_Creation_of_stoma', 'CA_Irrigation_and_aspiration', 'HC_Dissection_of_lymph_nodes_and_blood_vessels_en_bloc', 'CA_Phacoemulsificiation', 'GR_Left_pelvic_isolated_lymphadenectomy', 'HC_Extra-abdominal_preparation_of_anastomosis', 'GR_Right_pelvic_isolated_lymphadenectomy', 'CA_Lens_implant_setting-up', 'CA_Viscous_agent_removal', 'LH_Dividing_Ligament_and_Peritoneum', 'CZ_Gallbladder_Retraction', 'LH_Suturing', 'HC_Mobilization_of_sigmoid_colon_and_descending_colon', 'HCH_Preparation', 'HCH_Galbladder_Retraction', 'HC_Mobilization_of_splenic_flexure', 'HC_Mobilization_of_ascending_colon', 'HC_Mobilization_of_transverse_colon', 'LH_Transecting_the_Vagina', 'LH_Dividing_Uterine_Vessels_and_Ligament', 'CZ_Gallbladder_Packaging', 'CA_Hydrodissection', 'CZ_Preparation', 'CA_Tonifying_and_antibiotics', 'LH_Specimen_Removal', 'CZ_Gallbladder_Dissection', 'CA_Rhexis', 'LH_Preparation', 'CZ_Cleaning_Coagulation', 'HCH_Clipping_Cutting', 'CZ_Calot_Triangle_Dissection', 'GR_Ligation_of_the_deep_dorsal_venous_complex', 'GR_Severing_of_the_prostate_from_the_urethra', 'GR_Bladder_neck_identification_and_transection', 'HCH_Galbladder_Dissection', 'CZ_Clipping_Cutting', 'GR_Idle', 'CA_Viscous_agent_injection', 'HCH_Calot_Triangle_Dissection', 'CA_Incision', 'GR_Seminal_vesicle_dissection', 'GR_Developing_the_Space_of_Retzius'}","{'CZ_Calot_Triangle_Dissection', 'CZ_Gallbladder_Packaging', 'CZ_Gallbladder_Retraction', 'M2_Gallbladder_Retraction', 'CZ_Trocar_Placement', 'CZ_Preparation', 'M2_Trocar_Placement', 'M2_Gallbladder_Dissection', 'M2_Gallbladder_Packaging', 'CZ_Clipping_Cutting', 'M2_Preparation', 'M2_Clipping_Cutting', 'M2_Cleaning_Coagulation', 'CZ_Gallbladder_Dissection', 'CZ_Cleaning_Coagulation', 'M2_Calot_Triangle_Dissection'}",1718278123,checkpoint_000019,True,False,20,0b53e_00015,2024-06-13_13-28-44,187.81314134597778,3779.581932067871,130616,fb-OMEN-by-HP-45L-Gaming-Desktop-GT22-0xxx,129.69.82.151,3779.581932067871,20
69.40000124275684,4.161535263061523,3.9377955648203278,0.52799994,5.6791663,"{'LH_Washing', 'HCH_Galbladder_Packaging', 'HC_Creation_of_stoma', 'CA_Irrigation_and_aspiration', 'GR_Development_of_the_plane_between_the_prostate_and_rectum', 'CA_Phacoemulsificiation', 'GR_Left_pelvic_isolated_lymphadenectomy', 'HCH_Cleaning_Coagulation', 'GR_Right_pelvic_isolated_lymphadenectomy', 'CA_Lens_implant_setting-up', 'HC_General_preparation_and_orientation_in_the_abdomen', 'LH_Dividing_Ligament_and_Peritoneum', 'LH_Suturing', 'HCH_Preparation', 'HCH_Galbladder_Retraction', 'HC_Mobilization_of_ascending_colon', 'HC_Retroperitoneal_preparation_towards_lower_pancreatic_border', 'HC_Mobilization_of_transverse_colon', 'LH_Transecting_the_Vagina', 'CZ_Gallbladder_Packaging', 'CA_Hydrodissection', 'CZ_Preparation', 'CA_Tonifying_and_antibiotics', 'LH_Specimen_Removal', 'CZ_Gallbladder_Dissection', 'CA_Rhexis', 'LH_Preparation', 'CZ_Cleaning_Coagulation', 'HCH_Clipping_Cutting', 'CZ_Calot_Triangle_Dissection', 'CA_Capsule_Polishing', 'HC_Retroperitoneal_preparation_of_duodenum_and_pancreatic_head', 'HC_Finalization_of_operation', 'GR_Ligation_of_the_deep_dorsal_venous_complex', 'GR_Severing_of_the_prostate_from_the_urethra', 'GR_Bladder_neck_identification_and_transection', 'HCH_Galbladder_Dissection', 'CZ_Clipping_Cutting', 'GR_Idle', 'HCH_Calot_Triangle_Dissection', 'CA_Incision', 'GR_Seminal_vesicle_dissection', 'GR_Developing_the_Space_of_Retzius'}","{'CZ_Calot_Triangle_Dissection', 'CZ_Gallbladder_Packaging', 'CZ_Gallbladder_Retraction', 'M2_Gallbladder_Retraction', 'CZ_Trocar_Placement', 'CZ_Preparation', 'M2_Trocar_Placement', 'M2_Gallbladder_Dissection', 'M2_Gallbladder_Packaging', 'CZ_Clipping_Cutting', 'M2_Preparation', 'M2_Clipping_Cutting', 'M2_Cleaning_Coagulation', 'CZ_Gallbladder_Dissection', 'CZ_Cleaning_Coagulation', 'M2_Calot_Triangle_Dissection'}",1718278311,checkpoint_000020,True,False,21,0b53e_00015,2024-06-13_13-31-52,188.13040399551392,3967.712336063385,130616,fb-OMEN-by-HP-45L-Gaming-Desktop-GT22-0xxx,129.69.82.151,3967.712336063385,21
70.80000120401382,3.8198494911193848,3.8971976285874215,0.57000005,5.0514874,"{'LH_Washing', 'HC_Creation_of_stoma', 'CA_Irrigation_and_aspiration', 'HC_Dissection_of_lymph_nodes_and_blood_vessels_en_bloc', 'HC_Dissection_and_resection_of_the_rectum', 'GR_Development_of_the_plane_between_the_prostate_and_rectum', 'CA_Phacoemulsificiation', 'HCH_Cleaning_Coagulation', 'CA_Lens_implant_setting-up', 'HC_General_preparation_and_orientation_in_the_abdomen', 'CA_Viscous_agent_removal', 'LH_Dividing_Ligament_and_Peritoneum', 'CZ_Gallbladder_Retraction', 'LH_Suturing', 'HCH_Preparation', 'HCH_Galbladder_Retraction', 'HC_Mobilization_of_splenic_flexure', 'HC_Mobilization_of_ascending_colon', 'HC_Retroperitoneal_preparation_towards_lower_pancreatic_border', 'HC_Mobilization_of_transverse_colon', 'LH_Dividing_Uterine_Vessels_and_Ligament', 'HC_Intra-abdominal_preparation_of_anastomosis', 'CZ_Gallbladder_Packaging', 'GR_Bladder_neck_reconstruction', 'CA_Hydrodissection', 'CZ_Preparation', 'LH_Specimen_Removal', 'CZ_Gallbladder_Dissection', 'CA_Rhexis', 'LH_Preparation', 'CZ_Cleaning_Coagulation', 'HCH_Clipping_Cutting', 'CZ_Calot_Triangle_Dissection', 'CA_Capsule_Polishing', 'HC_Retroperitoneal_preparation_of_duodenum_and_pancreatic_head', 'GR_Ligation_of_the_deep_dorsal_venous_complex', 'GR_Severing_of_the_prostate_from_the_urethra', 'HCH_Galbladder_Dissection', 'CZ_Clipping_Cutting', 'GR_Idle', 'CA_Viscous_agent_injection', 'HCH_Calot_Triangle_Dissection', 'CA_Incision', 'GR_Seminal_vesicle_dissection', 'GR_Developing_the_Space_of_Retzius'}","{'CZ_Calot_Triangle_Dissection', 'CZ_Gallbladder_Packaging', 'CZ_Gallbladder_Retraction', 'M2_Gallbladder_Retraction', 'CZ_Trocar_Placement', 'CZ_Preparation', 'M2_Trocar_Placement', 'M2_Gallbladder_Dissection', 'M2_Gallbladder_Packaging', 'CZ_Clipping_Cutting', 'M2_Preparation', 'M2_Clipping_Cutting', 'M2_Cleaning_Coagulation', 'CZ_Gallbladder_Dissection', 'CZ_Cleaning_Coagulation', 'M2_Calot_Triangle_Dissection'}",1718278500,checkpoint_000021,True,False,22,0b53e_00015,2024-06-13_13-35-00,188.4433786869049,4156.15571475029,130616,fb-OMEN-by-HP-45L-Gaming-Desktop-GT22-0xxx,129.69.82.151,4156.15571475029,22
67.00000128149986,4.539927959442139,4.307543112724826,0.556,5.575659,"{'LH_Washing', 'HC_Exception', 'HC_Creation_of_stoma', 'CA_Irrigation_and_aspiration', 'HC_Dissection_and_resection_of_the_rectum', 'GR_Development_of_the_plane_between_the_prostate_and_rectum', 'CA_Phacoemulsificiation', 'GR_Left_pelvic_isolated_lymphadenectomy', 'HCH_Cleaning_Coagulation', 'GR_Right_pelvic_isolated_lymphadenectomy', 'CA_Lens_implant_setting-up', 'CA_Viscous_agent_removal', 'LH_Dividing_Ligament_and_Peritoneum', 'CZ_Gallbladder_Retraction', 'LH_Suturing', 'HC_Mobilization_of_sigmoid_colon_and_descending_colon', 'HCH_Preparation', 'HCH_Galbladder_Retraction', 'HC_Mobilization_of_splenic_flexure', 'HC_Mobilization_of_ascending_colon', 'HC_Mobilization_of_transverse_colon', 'LH_Transecting_the_Vagina', 'LH_Dividing_Uterine_Vessels_and_Ligament', 'HC_Intra-abdominal_preparation_of_anastomosis', 'CZ_Gallbladder_Packaging', 'GR_Bladder_neck_reconstruction', 'CA_Hydrodissection', 'CZ_Preparation', 'CA_Tonifying_and_antibiotics', 'LH_Specimen_Removal', 'CZ_Gallbladder_Dissection', 'CA_Rhexis', 'LH_Preparation', 'GR_Prostatic_pedicle_control', 'CZ_Cleaning_Coagulation', 'HCH_Clipping_Cutting', 'CZ_Calot_Triangle_Dissection', 'CA_Capsule_Polishing', 'HC_Retroperitoneal_preparation_of_duodenum_and_pancreatic_head', 'HC_Finalization_of_operation', 'GR_Ligation_of_the_deep_dorsal_venous_complex', 'GR_Severing_of_the_prostate_from_the_urethra', 'HCH_Galbladder_Dissection', 'GR_Idle', 'HCH_Calot_Triangle_Dissection', 'CA_Incision', 'GR_Developing_the_Space_of_Retzius'}","{'CZ_Calot_Triangle_Dissection', 'CZ_Gallbladder_Packaging', 'CZ_Gallbladder_Retraction', 'M2_Gallbladder_Retraction', 'CZ_Trocar_Placement', 'CZ_Preparation', 'M2_Trocar_Placement', 'M2_Gallbladder_Dissection', 'M2_Gallbladder_Packaging', 'CZ_Clipping_Cutting', 'M2_Preparation', 'M2_Clipping_Cutting', 'M2_Cleaning_Coagulation', 'CZ_Gallbladder_Dissection', 'CZ_Cleaning_Coagulation', 'M2_Calot_Triangle_Dissection'}",1718278689,checkpoint_000022,True,False,23,0b53e_00015,2024-06-13_13-38-09,189.07294583320618,4345.228660583496,130616,fb-OMEN-by-HP-45L-Gaming-Desktop-GT22-0xxx,129.69.82.151,4345.228660583496,23
63.60000130534173,4.857049942016602,4.235777199103927,0.572,5.3184276,"{'LH_Washing', 'HC_Exception', 'HCH_Galbladder_Packaging', 'HC_Creation_of_stoma', 'CA_Irrigation_and_aspiration', 'HC_Dissection_and_resection_of_the_rectum', 'GR_Development_of_the_plane_between_the_prostate_and_rectum', 'HCH_Cleaning_Coagulation', 'GR_Right_pelvic_isolated_lymphadenectomy', 'CA_Lens_implant_setting-up', 'CA_Viscous_agent_removal', 'LH_Dividing_Ligament_and_Peritoneum', 'CZ_Gallbladder_Retraction', 'LH_Suturing', 'HCH_Preparation', 'HC_Mobilization_of_splenic_flexure', 'HC_Mobilization_of_ascending_colon', 'HC_Retroperitoneal_preparation_towards_lower_pancreatic_border', 'LH_Transecting_the_Vagina', 'CZ_Gallbladder_Packaging', 'GR_Bladder_neck_reconstruction', 'CA_Hydrodissection', 'CZ_Preparation', 'CA_Tonifying_and_antibiotics', 'LH_Specimen_Removal', 'CZ_Gallbladder_Dissection', 'GR_Prostatic_pedicle_control', 'LH_Preparation', 'CZ_Cleaning_Coagulation', 'HCH_Clipping_Cutting', 'CZ_Calot_Triangle_Dissection', 'CA_Capsule_Polishing', 'HC_Retroperitoneal_preparation_of_duodenum_and_pancreatic_head', 'HC_Finalization_of_operation', 'GR_Severing_of_the_prostate_from_the_urethra', 'HCH_Galbladder_Dissection', 'CZ_Clipping_Cutting', 'GR_Idle', 'CA_Viscous_agent_injection', 'HCH_Calot_Triangle_Dissection', 'CA_Incision', 'GR_Developing_the_Space_of_Retzius'}","{'CZ_Calot_Triangle_Dissection', 'CZ_Gallbladder_Packaging', 'CZ_Gallbladder_Retraction', 'M2_Gallbladder_Retraction', 'CZ_Trocar_Placement', 'CZ_Preparation', 'M2_Trocar_Placement', 'M2_Gallbladder_Dissection', 'M2_Gallbladder_Packaging', 'CZ_Clipping_Cutting', 'M2_Preparation', 'M2_Clipping_Cutting', 'M2_Cleaning_Coagulation', 'CZ_Gallbladder_Dissection', 'CZ_Cleaning_Coagulation', 'M2_Calot_Triangle_Dissection'}",1718278878,checkpoint_000023,True,False,24,0b53e_00015,2024-06-13_13-41-18,188.8129768371582,4534.041637420654,130616,fb-OMEN-by-HP-45L-Gaming-Desktop-GT22-0xxx,129.69.82.151,4534.041637420654,24
65.20000123977661,5.23604154586792,4.021392709327323,0.57000005,5.3214345,"{'LH_Washing', 'HC_Exception', 'HCH_Galbladder_Packaging', 'CA_Irrigation_and_aspiration', 'HC_Dissection_of_lymph_nodes_and_blood_vessels_en_bloc', 'HC_Dissection_and_resection_of_the_rectum', 'GR_Development_of_the_plane_between_the_prostate_and_rectum', 'CA_Phacoemulsificiation', 'GR_Left_pelvic_isolated_lymphadenectomy', 'HCH_Cleaning_Coagulation', 'GR_Right_pelvic_isolated_lymphadenectomy', 'CA_Lens_implant_setting-up', 'HC_General_preparation_and_orientation_in_the_abdomen', 'CA_Viscous_agent_removal', 'LH_Dividing_Ligament_and_Peritoneum', 'CZ_Gallbladder_Retraction', 'LH_Suturing', 'HC_Mobilization_of_sigmoid_colon_and_descending_colon', 'HCH_Galbladder_Retraction', 'HC_Mobilization_of_splenic_flexure', 'HC_Mobilization_of_ascending_colon', 'HC_Retroperitoneal_preparation_towards_lower_pancreatic_border', 'HC_Mobilization_of_transverse_colon', 'LH_Transecting_the_Vagina', 'HC_Intra-abdominal_preparation_of_anastomosis', 'CZ_Gallbladder_Packaging', 'GR_Bladder_neck_reconstruction', 'CZ_Preparation', 'CA_Tonifying_and_antibiotics', 'LH_Specimen_Removal', 'CZ_Cleaning_Coagulation', 'HCH_Clipping_Cutting', 'CZ_Calot_Triangle_Dissection', 'CA_Capsule_Polishing', 'HC_Finalization_of_operation', 'GR_Ligation_of_the_deep_dorsal_venous_complex', 'GR_Severing_of_the_prostate_from_the_urethra', 'GR_Bladder_neck_identification_and_transection', 'HCH_Galbladder_Dissection', 'CZ_Clipping_Cutting', 'CA_Viscous_agent_injection', 'HCH_Calot_Triangle_Dissection', 'CA_Incision', 'GR_Seminal_vesicle_dissection', 'GR_Developing_the_Space_of_Retzius'}","{'CZ_Calot_Triangle_Dissection', 'CZ_Gallbladder_Packaging', 'CZ_Gallbladder_Retraction', 'CZ_Trocar_Placement', 'CZ_Preparation', 'M2_Trocar_Placement', 'M2_Gallbladder_Dissection', 'M2_Gallbladder_Packaging', 'CZ_Clipping_Cutting', 'M2_Preparation', 'M2_Clipping_Cutting', 'M2_Cleaning_Coagulation', 'CZ_Gallbladder_Dissection', 'CZ_Cleaning_Coagulation', 'M2_Calot_Triangle_Dissection'}",1718279066,checkpoint_000024,True,False,25,0b53e_00015,2024-06-13_13-44-26,188.2260193824768,4722.267656803131,130616,fb-OMEN-by-HP-45L-Gaming-Desktop-GT22-0xxx,129.69.82.151,4722.267656803131,25
71.80000126361847,4.751986026763916,3.9237221463165275,0.576,5.0611773,"{'LH_Washing', 'HC_Exception', 'HCH_Galbladder_Packaging', 'HC_Creation_of_stoma', 'HC_Dissection_and_resection_of_the_rectum', 'GR_Left_pelvic_isolated_lymphadenectomy', 'HCH_Cleaning_Coagulation', 'GR_Right_pelvic_isolated_lymphadenectomy', 'CA_Lens_implant_setting-up', 'HC_General_preparation_and_orientation_in_the_abdomen', 'CA_Viscous_agent_removal', 'LH_Dividing_Ligament_and_Peritoneum', 'CZ_Gallbladder_Retraction', 'LH_Suturing', 'HC_Mobilization_of_sigmoid_colon_and_descending_colon', 'HCH_Preparation', 'HCH_Galbladder_Retraction', 'HC_Mobilization_of_splenic_flexure', 'HC_Retroperitoneal_preparation_towards_lower_pancreatic_border', 'HC_Mobilization_of_transverse_colon', 'LH_Transecting_the_Vagina', 'HC_Intra-abdominal_preparation_of_anastomosis', 'CZ_Gallbladder_Packaging', 'GR_Bladder_neck_reconstruction', 'CA_Hydrodissection', 'CZ_Preparation', 'CA_Tonifying_and_antibiotics', 'LH_Specimen_Removal', 'CZ_Gallbladder_Dissection', 'CA_Rhexis', 'LH_Preparation', 'GR_Prostatic_pedicle_control', 'HCH_Clipping_Cutting', 'CZ_Calot_Triangle_Dissection', 'CA_Capsule_Polishing', 'HC_Retroperitoneal_preparation_of_duodenum_and_pancreatic_head', 'GR_Ligation_of_the_deep_dorsal_venous_complex', 'GR_Severing_of_the_prostate_from_the_urethra', 'GR_Bladder_neck_identification_and_transection', 'HCH_Galbladder_Dissection', 'CZ_Clipping_Cutting', 'GR_Idle', 'CA_Viscous_agent_injection', 'HCH_Calot_Triangle_Dissection', 'CA_Incision', 'GR_Seminal_vesicle_dissection', 'GR_Developing_the_Space_of_Retzius'}","{'CZ_Calot_Triangle_Dissection', 'CZ_Gallbladder_Packaging', 'CZ_Gallbladder_Retraction', 'M2_Gallbladder_Retraction', 'CZ_Trocar_Placement', 'CZ_Preparation', 'M2_Trocar_Placement', 'M2_Gallbladder_Dissection', 'M2_Gallbladder_Packaging', 'CZ_Clipping_Cutting', 'M2_Preparation', 'M2_Clipping_Cutting', 'M2_Cleaning_Coagulation', 'CZ_Gallbladder_Dissection', 'CZ_Cleaning_Coagulation', 'M2_Calot_Triangle_Dissection'}",1718279255,checkpoint_000025,True,False,26,0b53e_00015,2024-06-13_13-47-35,188.75961565971375,4911.027272462845,130616,fb-OMEN-by-HP-45L-Gaming-Desktop-GT22-0xxx,129.69.82.151,4911.027272462845,26
59.800001218914986,4.861424922943115,4.382517943520115,0.64599997,4.338819,"{'LH_Washing', 'HC_Exception', 'HCH_Galbladder_Packaging', 'HC_Creation_of_stoma', 'HC_Dissection_of_lymph_nodes_and_blood_vessels_en_bloc', 'HC_Dissection_and_resection_of_the_rectum', 'GR_Development_of_the_plane_between_the_prostate_and_rectum', 'CA_Phacoemulsificiation', 'HC_Extra-abdominal_preparation_of_anastomosis', 'HCH_Cleaning_Coagulation', 'GR_Right_pelvic_isolated_lymphadenectomy', 'CA_Lens_implant_setting-up', 'CA_Viscous_agent_removal', 'LH_Dividing_Ligament_and_Peritoneum', 'CZ_Gallbladder_Retraction', 'LH_Suturing', 'HCH_Preparation', 'HCH_Galbladder_Retraction', 'HC_Mobilization_of_splenic_flexure', 'HC_Mobilization_of_ascending_colon', 'HC_Retroperitoneal_preparation_towards_lower_pancreatic_border', 'LH_Transecting_the_Vagina', 'LH_Dividing_Uterine_Vessels_and_Ligament', 'HC_Intra-abdominal_preparation_of_anastomosis', 'CZ_Gallbladder_Packaging', 'CZ_Preparation', 'CZ_Gallbladder_Dissection', 'GR_Prostatic_pedicle_control', 'LH_Preparation', 'CZ_Cleaning_Coagulation', 'HCH_Clipping_Cutting', 'CA_Capsule_Polishing', 'HC_Retroperitoneal_preparation_of_duodenum_and_pancreatic_head', 'GR_Ligation_of_the_deep_dorsal_venous_complex', 'GR_Severing_of_the_prostate_from_the_urethra', 'GR_Bladder_neck_identification_and_transection', 'HCH_Galbladder_Dissection', 'CZ_Clipping_Cutting', 'GR_Idle', 'CA_Viscous_agent_injection', 'CA_Incision', 'GR_Developing_the_Space_of_Retzius'}","{'CZ_Calot_Triangle_Dissection', 'CZ_Gallbladder_Packaging', 'CZ_Gallbladder_Retraction', 'M2_Gallbladder_Retraction', 'CZ_Trocar_Placement', 'CZ_Preparation', 'M2_Trocar_Placement', 'M2_Gallbladder_Dissection', 'M2_Gallbladder_Packaging', 'CZ_Clipping_Cutting', 'M2_Preparation', 'M2_Clipping_Cutting', 'M2_Cleaning_Coagulation', 'CZ_Gallbladder_Dissection', 'CZ_Cleaning_Coagulation', 'M2_Calot_Triangle_Dissection'}",1718279443,checkpoint_000026,True,False,27,0b53e_00015,2024-06-13_13-50-44,188.63853359222412,5099.665806055069,130616,fb-OMEN-by-HP-45L-Gaming-Desktop-GT22-0xxx,129.69.82.151,5099.665806055069,27
64.60000142455101,6.305792331695557,3.9533739115558375,0.622,4.7620215,"{'LH_Washing', 'HC_Exception', 'HCH_Galbladder_Packaging', 'CA_Irrigation_and_aspiration', 'GR_Development_of_the_plane_between_the_prostate_and_rectum', 'CA_Phacoemulsificiation', 'GR_Left_pelvic_isolated_lymphadenectomy', 'HC_Extra-abdominal_preparation_of_anastomosis', 'HCH_Cleaning_Coagulation', 'GR_Right_pelvic_isolated_lymphadenectomy', 'CA_Lens_implant_setting-up', 'HC_General_preparation_and_orientation_in_the_abdomen', 'CA_Viscous_agent_removal', 'LH_Dividing_Ligament_and_Peritoneum', 'CZ_Gallbladder_Retraction', 'LH_Suturing', 'HC_Mobilization_of_sigmoid_colon_and_descending_colon', 'HCH_Preparation', 'HCH_Galbladder_Retraction', 'HC_Mobilization_of_ascending_colon', 'HC_Retroperitoneal_preparation_towards_lower_pancreatic_border', 'HC_Mobilization_of_transverse_colon', 'LH_Transecting_the_Vagina', 'LH_Dividing_Uterine_Vessels_and_Ligament', 'CZ_Gallbladder_Packaging', 'GR_Bladder_neck_reconstruction', 'CZ_Preparation', 'LH_Specimen_Removal', 'CZ_Gallbladder_Dissection', 'CA_Rhexis', 'LH_Preparation', 'GR_Prostatic_pedicle_control', 'CZ_Cleaning_Coagulation', 'HCH_Clipping_Cutting', 'CZ_Calot_Triangle_Dissection', 'CA_Capsule_Polishing', 'HC_Retroperitoneal_preparation_of_duodenum_and_pancreatic_head', 'GR_Ligation_of_the_deep_dorsal_venous_complex', 'GR_Severing_of_the_prostate_from_the_urethra', 'GR_Bladder_neck_identification_and_transection', 'HCH_Galbladder_Dissection', 'CZ_Clipping_Cutting', 'GR_Idle', 'CA_Viscous_agent_injection', 'CA_Incision'}","{'CZ_Calot_Triangle_Dissection', 'CZ_Gallbladder_Packaging', 'CZ_Gallbladder_Retraction', 'M2_Gallbladder_Retraction', 'CZ_Trocar_Placement', 'CZ_Preparation', 'M2_Trocar_Placement', 'M2_Gallbladder_Dissection', 'M2_Gallbladder_Packaging', 'CZ_Clipping_Cutting', 'M2_Preparation', 'M2_Clipping_Cutting', 'M2_Cleaning_Coagulation', 'CZ_Gallbladder_Dissection', 'CZ_Cleaning_Coagulation', 'M2_Calot_Triangle_Dissection'}",1718279632,checkpoint_000027,True,False,28,0b53e_00015,2024-06-13_13-53-52,188.2191457748413,5287.88495182991,130616,fb-OMEN-by-HP-45L-Gaming-Desktop-GT22-0xxx,129.69.82.151,5287.88495182991,28
63.00000122189522,5.233242034912109,4.378308338924855,0.564,5.2294087,"{'LH_Washing', 'HCH_Galbladder_Packaging', 'HC_Dissection_of_lymph_nodes_and_blood_vessels_en_bloc', 'HC_Dissection_and_resection_of_the_rectum', 'GR_Development_of_the_plane_between_the_prostate_and_rectum', 'CA_Phacoemulsificiation', 'GR_Left_pelvic_isolated_lymphadenectomy', 'HC_Extra-abdominal_preparation_of_anastomosis', 'HCH_Cleaning_Coagulation', 'GR_Right_pelvic_isolated_lymphadenectomy', 'CA_Lens_implant_setting-up', 'LH_Dividing_Ligament_and_Peritoneum', 'CZ_Gallbladder_Retraction', 'LH_Suturing', 'HC_Mobilization_of_sigmoid_colon_and_descending_colon', 'HCH_Preparation', 'HC_Mobilization_of_ascending_colon', 'HC_Mobilization_of_transverse_colon', 'LH_Transecting_the_Vagina', 'HC_Intra-abdominal_preparation_of_anastomosis', 'CZ_Gallbladder_Packaging', 'GR_Bladder_neck_reconstruction', 'CA_Hydrodissection', 'CZ_Preparation', 'CA_Tonifying_and_antibiotics', 'CZ_Gallbladder_Dissection', 'CA_Rhexis', 'LH_Preparation', 'GR_Prostatic_pedicle_control', 'CZ_Cleaning_Coagulation', 'HCH_Clipping_Cutting', 'CA_Capsule_Polishing', 'HC_Finalization_of_operation', 'GR_Ligation_of_the_deep_dorsal_venous_complex', 'GR_Severing_of_the_prostate_from_the_urethra', 'GR_Bladder_neck_identification_and_transection', 'HCH_Galbladder_Dissection', 'CZ_Clipping_Cutting', 'CA_Viscous_agent_injection', 'HCH_Calot_Triangle_Dissection', 'CA_Incision', 'GR_Seminal_vesicle_dissection', 'GR_Developing_the_Space_of_Retzius'}","{'CZ_Calot_Triangle_Dissection', 'CZ_Gallbladder_Packaging', 'CZ_Gallbladder_Retraction', 'M2_Gallbladder_Retraction', 'CZ_Trocar_Placement', 'CZ_Preparation', 'M2_Trocar_Placement', 'M2_Gallbladder_Dissection', 'M2_Gallbladder_Packaging', 'CZ_Clipping_Cutting', 'M2_Preparation', 'M2_Clipping_Cutting', 'M2_Cleaning_Coagulation', 'CZ_Gallbladder_Dissection', 'CZ_Cleaning_Coagulation', 'M2_Calot_Triangle_Dissection'}",1718279821,checkpoint_000028,True,False,29,0b53e_00015,2024-06-13_13-57-01,188.89090609550476,5476.775857925415,130616,fb-OMEN-by-HP-45L-Gaming-Desktop-GT22-0xxx,129.69.82.151,5476.775857925415,29
65.80000142753124,4.618934631347656,3.647706894881914,0.626,4.5615783,"{'LH_Washing', 'HCH_Galbladder_Packaging', 'HC_Creation_of_stoma', 'CA_Irrigation_and_aspiration', 'HC_Dissection_of_lymph_nodes_and_blood_vessels_en_bloc', 'HC_Dissection_and_resection_of_the_rectum', 'GR_Development_of_the_plane_between_the_prostate_and_rectum', 'CA_Phacoemulsificiation', 'HC_Extra-abdominal_preparation_of_anastomosis', 'HCH_Cleaning_Coagulation', 'GR_Right_pelvic_isolated_lymphadenectomy', 'CA_Lens_implant_setting-up', 'HC_General_preparation_and_orientation_in_the_abdomen', 'CA_Viscous_agent_removal', 'LH_Dividing_Ligament_and_Peritoneum', 'CZ_Gallbladder_Retraction', 'LH_Suturing', 'HCH_Preparation', 'HC_Mobilization_of_splenic_flexure', 'HC_Mobilization_of_ascending_colon', 'HC_Mobilization_of_transverse_colon', 'LH_Dividing_Uterine_Vessels_and_Ligament', 'HC_Intra-abdominal_preparation_of_anastomosis', 'CZ_Gallbladder_Packaging', 'GR_Bladder_neck_reconstruction', 'CA_Hydrodissection', 'CZ_Preparation', 'LH_Specimen_Removal', 'CZ_Gallbladder_Dissection', 'CA_Rhexis', 'LH_Preparation', 'CZ_Cleaning_Coagulation', 'HCH_Clipping_Cutting', 'CZ_Calot_Triangle_Dissection', 'HC_Retroperitoneal_preparation_of_duodenum_and_pancreatic_head', 'HC_Finalization_of_operation', 'GR_Severing_of_the_prostate_from_the_urethra', 'GR_Bladder_neck_identification_and_transection', 'HCH_Galbladder_Dissection', 'CZ_Clipping_Cutting', 'GR_Idle', 'CA_Viscous_agent_injection', 'HCH_Calot_Triangle_Dissection', 'CA_Incision', 'GR_Seminal_vesicle_dissection', 'GR_Developing_the_Space_of_Retzius'}","{'CZ_Calot_Triangle_Dissection', 'CZ_Gallbladder_Packaging', 'CZ_Gallbladder_Retraction', 'M2_Gallbladder_Retraction', 'CZ_Trocar_Placement', 'CZ_Preparation', 'M2_Trocar_Placement', 'M2_Gallbladder_Dissection', 'M2_Gallbladder_Packaging', 'CZ_Clipping_Cutting', 'M2_Preparation', 'M2_Clipping_Cutting', 'M2_Cleaning_Coagulation', 'CZ_Gallbladder_Dissection', 'CZ_Cleaning_Coagulation', 'M2_Calot_Triangle_Dissection'}",1718280009,checkpoint_000029,True,False,30,0b53e_00015,2024-06-13_14-00-09,188.05534052848816,5664.831198453903,130616,fb-OMEN-by-HP-45L-Gaming-Desktop-GT22-0xxx,129.69.82.151,5664.831198453903,30
66.20000146329403,5.014870643615723,3.7474461622844175,0.612,5.063472,"{'LH_Washing', 'HC_Exception', 'HCH_Galbladder_Packaging', 'HC_Creation_of_stoma', 'CA_Irrigation_and_aspiration', 'HC_Dissection_of_lymph_nodes_and_blood_vessels_en_bloc', 'HC_Dissection_and_resection_of_the_rectum', 'GR_Development_of_the_plane_between_the_prostate_and_rectum', 'CA_Phacoemulsificiation', 'GR_Left_pelvic_isolated_lymphadenectomy', 'GR_Right_pelvic_isolated_lymphadenectomy', 'CA_Lens_implant_setting-up', 'HC_General_preparation_and_orientation_in_the_abdomen', 'CA_Viscous_agent_removal', 'LH_Dividing_Ligament_and_Peritoneum', 'CZ_Gallbladder_Retraction', 'LH_Suturing', 'HCH_Preparation', 'HCH_Galbladder_Retraction', 'HC_Mobilization_of_splenic_flexure', 'HC_Mobilization_of_ascending_colon', 'LH_Transecting_the_Vagina', 'LH_Dividing_Uterine_Vessels_and_Ligament', 'CZ_Gallbladder_Packaging', 'GR_Bladder_neck_reconstruction', 'CZ_Preparation', 'CA_Tonifying_and_antibiotics', 'LH_Specimen_Removal', 'CZ_Gallbladder_Dissection', 'CA_Rhexis', 'LH_Preparation', 'GR_Prostatic_pedicle_control', 'CZ_Cleaning_Coagulation', 'HCH_Clipping_Cutting', 'CZ_Calot_Triangle_Dissection', 'HC_Finalization_of_operation', 'GR_Ligation_of_the_deep_dorsal_venous_complex', 'GR_Severing_of_the_prostate_from_the_urethra', 'GR_Bladder_neck_identification_and_transection', 'CZ_Clipping_Cutting', 'HCH_Calot_Triangle_Dissection', 'CA_Incision', 'GR_Seminal_vesicle_dissection', 'GR_Developing_the_Space_of_Retzius'}","{'CZ_Calot_Triangle_Dissection', 'CZ_Gallbladder_Packaging', 'CZ_Gallbladder_Retraction', 'M2_Gallbladder_Retraction', 'CZ_Trocar_Placement', 'CZ_Preparation', 'M2_Trocar_Placement', 'M2_Gallbladder_Dissection', 'M2_Gallbladder_Packaging', 'CZ_Clipping_Cutting', 'M2_Preparation', 'M2_Clipping_Cutting', 'M2_Cleaning_Coagulation', 'CZ_Gallbladder_Dissection', 'CZ_Cleaning_Coagulation', 'M2_Calot_Triangle_Dissection'}",1718280198,checkpoint_000030,True,False,31,0b53e_00015,2024-06-13_14-03-18,189.0952615737915,5853.926460027695,130616,fb-OMEN-by-HP-45L-Gaming-Desktop-GT22-0xxx,129.69.82.151,5853.926460027695,31
69.40000122785568,4.183961391448975,4.238497106237144,0.63000005,4.536761,"{'LH_Washing', 'HC_Exception', 'HCH_Galbladder_Packaging', 'HC_Creation_of_stoma', 'CA_Irrigation_and_aspiration', 'HC_Dissection_of_lymph_nodes_and_blood_vessels_en_bloc', 'HC_Dissection_and_resection_of_the_rectum', 'GR_Development_of_the_plane_between_the_prostate_and_rectum', 'CA_Phacoemulsificiation', 'HC_Extra-abdominal_preparation_of_anastomosis', 'HCH_Cleaning_Coagulation', 'GR_Right_pelvic_isolated_lymphadenectomy', 'CA_Lens_implant_setting-up', 'HC_General_preparation_and_orientation_in_the_abdomen', 'CA_Viscous_agent_removal', 'LH_Dividing_Ligament_and_Peritoneum', 'LH_Suturing', 'HC_Mobilization_of_sigmoid_colon_and_descending_colon', 'HCH_Preparation', 'HCH_Galbladder_Retraction', 'HC_Mobilization_of_splenic_flexure', 'LH_Transecting_the_Vagina', 'LH_Dividing_Uterine_Vessels_and_Ligament', 'HC_Intra-abdominal_preparation_of_anastomosis', 'CZ_Gallbladder_Packaging', 'GR_Bladder_neck_reconstruction', 'CZ_Preparation', 'CA_Tonifying_and_antibiotics', 'LH_Specimen_Removal', 'CZ_Gallbladder_Dissection', 'GR_Prostatic_pedicle_control', 'LH_Preparation', 'CZ_Cleaning_Coagulation', 'HCH_Clipping_Cutting', 'CZ_Calot_Triangle_Dissection', 'CA_Capsule_Polishing', 'HC_Retroperitoneal_preparation_of_duodenum_and_pancreatic_head', 'HC_Finalization_of_operation', 'GR_Ligation_of_the_deep_dorsal_venous_complex', 'GR_Severing_of_the_prostate_from_the_urethra', 'GR_Bladder_neck_identification_and_transection', 'HCH_Galbladder_Dissection', 'CZ_Clipping_Cutting', 'GR_Idle', 'CA_Viscous_agent_injection', 'HCH_Calot_Triangle_Dissection', 'CA_Incision'}","{'CZ_Calot_Triangle_Dissection', 'CZ_Gallbladder_Packaging', 'CZ_Gallbladder_Retraction', 'M2_Gallbladder_Retraction', 'CZ_Trocar_Placement', 'CZ_Preparation', 'M2_Trocar_Placement', 'M2_Gallbladder_Dissection', 'M2_Gallbladder_Packaging', 'CZ_Clipping_Cutting', 'M2_Preparation', 'M2_Clipping_Cutting', 'M2_Cleaning_Coagulation', 'CZ_Gallbladder_Dissection', 'CZ_Cleaning_Coagulation', 'M2_Calot_Triangle_Dissection'}",1718280387,checkpoint_000031,True,False,32,0b53e_00015,2024-06-13_14-06-27,188.72579431533813,6042.652254343033,130616,fb-OMEN-by-HP-45L-Gaming-Desktop-GT22-0xxx,129.69.82.151,6042.652254343033,32
70.20000120997429,3.9377543926239014,4.311821757646534,0.67600006,4.64414,"{'LH_Washing', 'HCH_Galbladder_Packaging', 'HC_Creation_of_stoma', 'CA_Irrigation_and_aspiration', 'HC_Dissection_and_resection_of_the_rectum', 'GR_Development_of_the_plane_between_the_prostate_and_rectum', 'CA_Phacoemulsificiation', 'GR_Left_pelvic_isolated_lymphadenectomy', 'HCH_Cleaning_Coagulation', 'GR_Right_pelvic_isolated_lymphadenectomy', 'CA_Lens_implant_setting-up', 'HC_General_preparation_and_orientation_in_the_abdomen', 'CA_Viscous_agent_removal', 'LH_Dividing_Ligament_and_Peritoneum', 'LH_Suturing', 'HC_Mobilization_of_sigmoid_colon_and_descending_colon', 'HCH_Preparation', 'HCH_Galbladder_Retraction', 'HC_Mobilization_of_splenic_flexure', 'HC_Retroperitoneal_preparation_towards_lower_pancreatic_border', 'HC_Mobilization_of_transverse_colon', 'LH_Transecting_the_Vagina', 'HC_Intra-abdominal_preparation_of_anastomosis', 'GR_Bladder_neck_reconstruction', 'CA_Hydrodissection', 'CZ_Preparation', 'CZ_Gallbladder_Dissection', 'CA_Rhexis', 'LH_Preparation', 'GR_Prostatic_pedicle_control', 'CZ_Cleaning_Coagulation', 'HCH_Clipping_Cutting', 'CZ_Calot_Triangle_Dissection', 'CA_Capsule_Polishing', 'GR_Ligation_of_the_deep_dorsal_venous_complex', 'GR_Severing_of_the_prostate_from_the_urethra', 'GR_Bladder_neck_identification_and_transection', 'HCH_Galbladder_Dissection', 'CZ_Clipping_Cutting', 'GR_Idle', 'CA_Viscous_agent_injection', 'HCH_Calot_Triangle_Dissection', 'CA_Incision', 'GR_Seminal_vesicle_dissection', 'GR_Developing_the_Space_of_Retzius'}","{'CZ_Calot_Triangle_Dissection', 'CZ_Gallbladder_Packaging', 'CZ_Gallbladder_Retraction', 'M2_Gallbladder_Retraction', 'CZ_Trocar_Placement', 'CZ_Preparation', 'M2_Trocar_Placement', 'M2_Gallbladder_Dissection', 'M2_Gallbladder_Packaging', 'CZ_Clipping_Cutting', 'M2_Preparation', 'M2_Clipping_Cutting', 'M2_Cleaning_Coagulation', 'CZ_Gallbladder_Dissection', 'CZ_Cleaning_Coagulation', 'M2_Calot_Triangle_Dissection'}",1718280574,checkpoint_000032,True,False,33,0b53e_00015,2024-06-13_14-09-35,187.96255660057068,6230.6148109436035,130616,fb-OMEN-by-HP-45L-Gaming-Desktop-GT22-0xxx,129.69.82.151,6230.6148109436035,33
66.2000013589859,5.342188835144043,3.86850575424027,0.60400003,4.6907396,"{'LH_Washing', 'HCH_Galbladder_Packaging', 'HC_Creation_of_stoma', 'CA_Irrigation_and_aspiration', 'HC_Dissection_of_lymph_nodes_and_blood_vessels_en_bloc', 'GR_Development_of_the_plane_between_the_prostate_and_rectum', 'CA_Phacoemulsificiation', 'GR_Left_pelvic_isolated_lymphadenectomy', 'HC_Extra-abdominal_preparation_of_anastomosis', 'HCH_Cleaning_Coagulation', 'GR_Right_pelvic_isolated_lymphadenectomy', 'HC_General_preparation_and_orientation_in_the_abdomen', 'CA_Viscous_agent_removal', 'LH_Dividing_Ligament_and_Peritoneum', 'CZ_Gallbladder_Retraction', 'LH_Suturing', 'HC_Mobilization_of_sigmoid_colon_and_descending_colon', 'HCH_Preparation', 'HCH_Galbladder_Retraction', 'HC_Mobilization_of_ascending_colon', 'HC_Retroperitoneal_preparation_towards_lower_pancreatic_border', 'LH_Transecting_the_Vagina', 'LH_Dividing_Uterine_Vessels_and_Ligament', 'CZ_Gallbladder_Packaging', 'CA_Hydrodissection', 'CZ_Preparation', 'CA_Tonifying_and_antibiotics', 'LH_Specimen_Removal', 'CZ_Gallbladder_Dissection', 'GR_Prostatic_pedicle_control', 'LH_Preparation', 'CZ_Cleaning_Coagulation', 'HCH_Clipping_Cutting', 'CZ_Calot_Triangle_Dissection', 'CA_Capsule_Polishing', 'HC_Retroperitoneal_preparation_of_duodenum_and_pancreatic_head', 'HC_Finalization_of_operation', 'GR_Ligation_of_the_deep_dorsal_venous_complex', 'HCH_Galbladder_Dissection', 'CZ_Clipping_Cutting', 'CA_Viscous_agent_injection', 'HCH_Calot_Triangle_Dissection', 'CA_Incision', 'GR_Seminal_vesicle_dissection', 'GR_Developing_the_Space_of_Retzius'}","{'CZ_Calot_Triangle_Dissection', 'CZ_Gallbladder_Packaging', 'CZ_Gallbladder_Retraction', 'M2_Gallbladder_Retraction', 'CZ_Trocar_Placement', 'CZ_Preparation', 'M2_Trocar_Placement', 'M2_Gallbladder_Dissection', 'M2_Gallbladder_Packaging', 'CZ_Clipping_Cutting', 'M2_Preparation', 'M2_Clipping_Cutting', 'M2_Cleaning_Coagulation', 'CZ_Gallbladder_Dissection', 'CZ_Cleaning_Coagulation', 'M2_Calot_Triangle_Dissection'}",1718280762,checkpoint_000033,True,False,34,0b53e_00015,2024-06-13_14-12-43,187.6500608921051,6418.264871835709,130616,fb-OMEN-by-HP-45L-Gaming-Desktop-GT22-0xxx,129.69.82.151,6418.264871835709,34
68.80000126361847,4.722160339355469,3.7729872408078977,0.71599996,3.8092775,"{'LH_Washing', 'HC_Exception', 'HCH_Galbladder_Packaging', 'HC_Creation_of_stoma', 'HC_Dissection_of_lymph_nodes_and_blood_vessels_en_bloc', 'HC_Dissection_and_resection_of_the_rectum', 'GR_Development_of_the_plane_between_the_prostate_and_rectum', 'CA_Phacoemulsificiation', 'HCH_Cleaning_Coagulation', 'CA_Lens_implant_setting-up', 'HC_General_preparation_and_orientation_in_the_abdomen', 'CA_Viscous_agent_removal', 'LH_Dividing_Ligament_and_Peritoneum', 'CZ_Gallbladder_Retraction', 'LH_Suturing', 'HCH_Preparation', 'HCH_Galbladder_Retraction', 'HC_Mobilization_of_splenic_flexure', 'HC_Mobilization_of_ascending_colon', 'HC_Retroperitoneal_preparation_towards_lower_pancreatic_border', 'HC_Mobilization_of_transverse_colon', 'LH_Transecting_the_Vagina', 'LH_Dividing_Uterine_Vessels_and_Ligament', 'HC_Intra-abdominal_preparation_of_anastomosis', 'CZ_Gallbladder_Packaging', 'GR_Bladder_neck_reconstruction', 'LH_Specimen_Removal', 'CZ_Gallbladder_Dissection', 'CA_Rhexis', 'LH_Preparation', 'GR_Prostatic_pedicle_control', 'CZ_Cleaning_Coagulation', 'HCH_Clipping_Cutting', 'CA_Capsule_Polishing', 'HC_Retroperitoneal_preparation_of_duodenum_and_pancreatic_head', 'GR_Ligation_of_the_deep_dorsal_venous_complex', 'GR_Bladder_neck_identification_and_transection', 'HCH_Galbladder_Dissection', 'CZ_Clipping_Cutting', 'CA_Viscous_agent_injection', 'HCH_Calot_Triangle_Dissection', 'CA_Incision', 'GR_Seminal_vesicle_dissection', 'GR_Developing_the_Space_of_Retzius'}","{'CZ_Calot_Triangle_Dissection', 'CZ_Gallbladder_Packaging', 'CZ_Gallbladder_Retraction', 'M2_Gallbladder_Retraction', 'CZ_Trocar_Placement', 'CZ_Preparation', 'M2_Trocar_Placement', 'M2_Gallbladder_Dissection', 'M2_Gallbladder_Packaging', 'CZ_Clipping_Cutting', 'M2_Preparation', 'M2_Clipping_Cutting', 'M2_Cleaning_Coagulation', 'CZ_Gallbladder_Dissection', 'CZ_Cleaning_Coagulation', 'M2_Calot_Triangle_Dissection'}",1718280951,checkpoint_000034,True,False,35,0b53e_00015,2024-06-13_14-15-51,188.7262625694275,6606.991134405136,130616,fb-OMEN-by-HP-45L-Gaming-Desktop-GT22-0xxx,129.69.82.151,6606.991134405136,35
68.2000014334917,4.35989236831665,3.681253557072496,0.6240001,4.882189,"{'LH_Washing', 'HC_Exception', 'HC_Creation_of_stoma', 'CA_Irrigation_and_aspiration', 'HC_Dissection_of_lymph_nodes_and_blood_vessels_en_bloc', 'GR_Development_of_the_plane_between_the_prostate_and_rectum', 'CA_Phacoemulsificiation', 'HC_Extra-abdominal_preparation_of_anastomosis', 'HCH_Cleaning_Coagulation', 'GR_Right_pelvic_isolated_lymphadenectomy', 'HC_General_preparation_and_orientation_in_the_abdomen', 'CA_Viscous_agent_removal', 'LH_Dividing_Ligament_and_Peritoneum', 'LH_Suturing', 'HCH_Preparation', 'HCH_Galbladder_Retraction', 'HC_Mobilization_of_splenic_flexure', 'HC_Mobilization_of_ascending_colon', 'HC_Retroperitoneal_preparation_towards_lower_pancreatic_border', 'HC_Mobilization_of_transverse_colon', 'LH_Transecting_the_Vagina', 'LH_Dividing_Uterine_Vessels_and_Ligament', 'HC_Intra-abdominal_preparation_of_anastomosis', 'CZ_Gallbladder_Packaging', 'GR_Bladder_neck_reconstruction', 'CZ_Preparation', 'CA_Tonifying_and_antibiotics', 'LH_Specimen_Removal', 'CZ_Gallbladder_Dissection', 'CA_Rhexis', 'LH_Preparation', 'GR_Prostatic_pedicle_control', 'CZ_Cleaning_Coagulation', 'CZ_Calot_Triangle_Dissection', 'CA_Capsule_Polishing', 'HC_Retroperitoneal_preparation_of_duodenum_and_pancreatic_head', 'HC_Finalization_of_operation', 'GR_Ligation_of_the_deep_dorsal_venous_complex', 'GR_Severing_of_the_prostate_from_the_urethra', 'HCH_Galbladder_Dissection', 'CZ_Clipping_Cutting', 'GR_Idle', 'CA_Viscous_agent_injection', 'HCH_Calot_Triangle_Dissection', 'CA_Incision', 'GR_Seminal_vesicle_dissection', 'GR_Developing_the_Space_of_Retzius'}","{'CZ_Calot_Triangle_Dissection', 'CZ_Gallbladder_Packaging', 'CZ_Gallbladder_Retraction', 'M2_Gallbladder_Retraction', 'CZ_Trocar_Placement', 'CZ_Preparation', 'M2_Trocar_Placement', 'M2_Gallbladder_Dissection', 'M2_Gallbladder_Packaging', 'CZ_Clipping_Cutting', 'M2_Preparation', 'M2_Clipping_Cutting', 'M2_Cleaning_Coagulation', 'CZ_Gallbladder_Dissection', 'CZ_Cleaning_Coagulation', 'M2_Calot_Triangle_Dissection'}",1718281138,checkpoint_000035,True,False,36,0b53e_00015,2024-06-13_14-18-59,187.19317650794983,6794.184310913086,130616,fb-OMEN-by-HP-45L-Gaming-Desktop-GT22-0xxx,129.69.82.151,6794.184310913086,36
67.00000137090683,5.703503131866455,4.199159883810919,0.6840001,3.973837,"{'LH_Washing', 'HC_Exception', 'HCH_Galbladder_Packaging', 'CA_Irrigation_and_aspiration', 'GR_Development_of_the_plane_between_the_prostate_and_rectum', 'CA_Phacoemulsificiation', 'GR_Left_pelvic_isolated_lymphadenectomy', 'HC_Extra-abdominal_preparation_of_anastomosis', 'HCH_Cleaning_Coagulation', 'GR_Right_pelvic_isolated_lymphadenectomy', 'HC_General_preparation_and_orientation_in_the_abdomen', 'CA_Viscous_agent_removal', 'LH_Dividing_Ligament_and_Peritoneum', 'CZ_Gallbladder_Retraction', 'LH_Suturing', 'HCH_Galbladder_Retraction', 'HC_Mobilization_of_splenic_flexure', 'HC_Retroperitoneal_preparation_towards_lower_pancreatic_border', 'HC_Mobilization_of_transverse_colon', 'LH_Transecting_the_Vagina', 'LH_Dividing_Uterine_Vessels_and_Ligament', 'CZ_Gallbladder_Packaging', 'CZ_Preparation', 'CA_Tonifying_and_antibiotics', 'LH_Specimen_Removal', 'CZ_Gallbladder_Dissection', 'CA_Rhexis', 'LH_Preparation', 'CZ_Cleaning_Coagulation', 'HCH_Clipping_Cutting', 'CZ_Calot_Triangle_Dissection', 'CA_Capsule_Polishing', 'HC_Retroperitoneal_preparation_of_duodenum_and_pancreatic_head', 'HC_Finalization_of_operation', 'GR_Ligation_of_the_deep_dorsal_venous_complex', 'HCH_Galbladder_Dissection', 'CZ_Clipping_Cutting', 'CA_Viscous_agent_injection', 'HCH_Calot_Triangle_Dissection', 'CA_Incision', 'GR_Seminal_vesicle_dissection', 'GR_Developing_the_Space_of_Retzius'}","{'CZ_Calot_Triangle_Dissection', 'CZ_Gallbladder_Packaging', 'CZ_Gallbladder_Retraction', 'M2_Gallbladder_Retraction', 'CZ_Trocar_Placement', 'CZ_Preparation', 'M2_Trocar_Placement', 'M2_Gallbladder_Dissection', 'M2_Gallbladder_Packaging', 'CZ_Clipping_Cutting', 'M2_Preparation', 'M2_Clipping_Cutting', 'M2_Cleaning_Coagulation', 'CZ_Gallbladder_Dissection', 'CZ_Cleaning_Coagulation', 'M2_Calot_Triangle_Dissection'}",1718281327,checkpoint_000036,True,False,37,0b53e_00015,2024-06-13_14-22-08,189.1664843559265,6983.350795269012,130616,fb-OMEN-by-HP-45L-Gaming-Desktop-GT22-0xxx,129.69.82.151,6983.350795269012,37
63.60000133514404,8.411343574523926,4.271900814971657,0.632,4.5739055,"{'LH_Washing', 'HCH_Galbladder_Packaging', 'HC_Creation_of_stoma', 'CA_Irrigation_and_aspiration', 'HC_Dissection_of_lymph_nodes_and_blood_vessels_en_bloc', 'HC_Dissection_and_resection_of_the_rectum', 'GR_Development_of_the_plane_between_the_prostate_and_rectum', 'CA_Phacoemulsificiation', 'GR_Left_pelvic_isolated_lymphadenectomy', 'HCH_Cleaning_Coagulation', 'GR_Right_pelvic_isolated_lymphadenectomy', 'CA_Viscous_agent_removal', 'LH_Dividing_Ligament_and_Peritoneum', 'LH_Suturing', 'HC_Mobilization_of_sigmoid_colon_and_descending_colon', 'HCH_Preparation', 'HCH_Galbladder_Retraction', 'HC_Mobilization_of_splenic_flexure', 'HC_Mobilization_of_ascending_colon', 'HC_Retroperitoneal_preparation_towards_lower_pancreatic_border', 'LH_Transecting_the_Vagina', 'LH_Dividing_Uterine_Vessels_and_Ligament', 'HC_Intra-abdominal_preparation_of_anastomosis', 'CZ_Gallbladder_Packaging', 'GR_Bladder_neck_reconstruction', 'CA_Tonifying_and_antibiotics', 'LH_Specimen_Removal', 'CZ_Gallbladder_Dissection', 'CA_Rhexis', 'LH_Preparation', 'CZ_Cleaning_Coagulation', 'HCH_Clipping_Cutting', 'CZ_Calot_Triangle_Dissection', 'CA_Capsule_Polishing', 'HC_Retroperitoneal_preparation_of_duodenum_and_pancreatic_head', 'HC_Finalization_of_operation', 'GR_Ligation_of_the_deep_dorsal_venous_complex', 'GR_Severing_of_the_prostate_from_the_urethra', 'HCH_Galbladder_Dissection', 'CZ_Clipping_Cutting', 'CA_Viscous_agent_injection', 'HCH_Calot_Triangle_Dissection', 'CA_Incision', 'GR_Developing_the_Space_of_Retzius'}","{'CZ_Calot_Triangle_Dissection', 'CZ_Gallbladder_Packaging', 'CZ_Gallbladder_Retraction', 'M2_Gallbladder_Retraction', 'CZ_Trocar_Placement', 'CZ_Preparation', 'M2_Trocar_Placement', 'M2_Gallbladder_Dissection', 'M2_Gallbladder_Packaging', 'CZ_Clipping_Cutting', 'M2_Preparation', 'M2_Clipping_Cutting', 'M2_Cleaning_Coagulation', 'CZ_Gallbladder_Dissection', 'CZ_Cleaning_Coagulation', 'M2_Calot_Triangle_Dissection'}",1718281515,checkpoint_000037,True,False,38,0b53e_00015,2024-06-13_14-25-16,188.21389079093933,7171.564686059952,130616,fb-OMEN-by-HP-45L-Gaming-Desktop-GT22-0xxx,129.69.82.151,7171.564686059952,38
56.80000127851963,6.292067527770996,4.355259408000434,0.66600007,4.393752,"{'LH_Washing', 'HC_Exception', 'HCH_Galbladder_Packaging', 'HC_Creation_of_stoma', 'CA_Irrigation_and_aspiration', 'HC_Dissection_and_resection_of_the_rectum', 'GR_Development_of_the_plane_between_the_prostate_and_rectum', 'CA_Phacoemulsificiation', 'GR_Left_pelvic_isolated_lymphadenectomy', 'HC_Extra-abdominal_preparation_of_anastomosis', 'HCH_Cleaning_Coagulation', 'GR_Right_pelvic_isolated_lymphadenectomy', 'CA_Lens_implant_setting-up', 'HC_General_preparation_and_orientation_in_the_abdomen', 'CA_Viscous_agent_removal', 'LH_Dividing_Ligament_and_Peritoneum', 'CZ_Gallbladder_Retraction', 'LH_Suturing', 'HC_Mobilization_of_sigmoid_colon_and_descending_colon', 'HCH_Preparation', 'HCH_Galbladder_Retraction', 'HC_Mobilization_of_splenic_flexure', 'HC_Mobilization_of_ascending_colon', 'HC_Mobilization_of_transverse_colon', 'LH_Transecting_the_Vagina', 'LH_Dividing_Uterine_Vessels_and_Ligament', 'HC_Intra-abdominal_preparation_of_anastomosis', 'CA_Hydrodissection', 'CZ_Preparation', 'CA_Tonifying_and_antibiotics', 'LH_Specimen_Removal', 'CZ_Gallbladder_Dissection', 'CA_Rhexis', 'LH_Preparation', 'HCH_Clipping_Cutting', 'CZ_Calot_Triangle_Dissection', 'CA_Capsule_Polishing', 'HC_Finalization_of_operation', 'GR_Ligation_of_the_deep_dorsal_venous_complex', 'GR_Severing_of_the_prostate_from_the_urethra', 'GR_Bladder_neck_identification_and_transection', 'HCH_Galbladder_Dissection', 'CZ_Clipping_Cutting', 'GR_Idle', 'CA_Viscous_agent_injection', 'HCH_Calot_Triangle_Dissection', 'CA_Incision', 'GR_Developing_the_Space_of_Retzius'}","{'CZ_Calot_Triangle_Dissection', 'CZ_Gallbladder_Packaging', 'CZ_Gallbladder_Retraction', 'M2_Gallbladder_Retraction', 'CZ_Trocar_Placement', 'CZ_Preparation', 'M2_Trocar_Placement', 'M2_Gallbladder_Dissection', 'M2_Gallbladder_Packaging', 'CZ_Clipping_Cutting', 'M2_Preparation', 'M2_Clipping_Cutting', 'M2_Cleaning_Coagulation', 'CZ_Gallbladder_Dissection', 'CZ_Cleaning_Coagulation', 'M2_Calot_Triangle_Dissection'}",1718281703,checkpoint_000038,True,False,39,0b53e_00015,2024-06-13_14-28-23,187.17241501808167,7358.737101078033,130616,fb-OMEN-by-HP-45L-Gaming-Desktop-GT22-0xxx,129.69.82.151,7358.737101078033,39
69.20000125467777,8.922761917114258,4.0895952627994525,0.60800004,4.7655544,"{'LH_Washing', 'HC_Exception', 'HCH_Galbladder_Packaging', 'HC_Creation_of_stoma', 'CA_Irrigation_and_aspiration', 'HC_Dissection_and_resection_of_the_rectum', 'CA_Phacoemulsificiation', 'GR_Left_pelvic_isolated_lymphadenectomy', 'HC_Extra-abdominal_preparation_of_anastomosis', 'HCH_Cleaning_Coagulation', 'CA_Lens_implant_setting-up', 'HC_General_preparation_and_orientation_in_the_abdomen', 'CA_Viscous_agent_removal', 'LH_Dividing_Ligament_and_Peritoneum', 'CZ_Gallbladder_Retraction', 'LH_Suturing', 'HC_Mobilization_of_sigmoid_colon_and_descending_colon', 'HCH_Preparation', 'HCH_Galbladder_Retraction', 'HC_Mobilization_of_transverse_colon', 'LH_Transecting_the_Vagina', 'HC_Intra-abdominal_preparation_of_anastomosis', 'CZ_Gallbladder_Packaging', 'GR_Bladder_neck_reconstruction', 'CZ_Preparation', 'CA_Tonifying_and_antibiotics', 'LH_Specimen_Removal', 'CZ_Gallbladder_Dissection', 'CA_Rhexis', 'LH_Preparation', 'CZ_Cleaning_Coagulation', 'HCH_Clipping_Cutting', 'CZ_Calot_Triangle_Dissection', 'CA_Capsule_Polishing', 'HC_Retroperitoneal_preparation_of_duodenum_and_pancreatic_head', 'HC_Finalization_of_operation', 'GR_Ligation_of_the_deep_dorsal_venous_complex', 'GR_Bladder_neck_identification_and_transection', 'HCH_Galbladder_Dissection', 'CZ_Clipping_Cutting', 'HCH_Calot_Triangle_Dissection', 'CA_Incision', 'GR_Seminal_vesicle_dissection', 'GR_Developing_the_Space_of_Retzius'}","{'CZ_Calot_Triangle_Dissection', 'CZ_Gallbladder_Packaging', 'CZ_Gallbladder_Retraction', 'M2_Gallbladder_Retraction', 'CZ_Trocar_Placement', 'CZ_Preparation', 'M2_Trocar_Placement', 'M2_Gallbladder_Dissection', 'M2_Gallbladder_Packaging', 'CZ_Clipping_Cutting', 'M2_Preparation', 'M2_Clipping_Cutting', 'M2_Cleaning_Coagulation', 'CZ_Gallbladder_Dissection', 'CZ_Cleaning_Coagulation', 'M2_Calot_Triangle_Dissection'}",1718281890,checkpoint_000039,True,False,40,0b53e_00015,2024-06-13_14-31-31,187.6795847415924,7546.416685819626,130616,fb-OMEN-by-HP-45L-Gaming-Desktop-GT22-0xxx,129.69.82.151,7546.416685819626,40
64.40000149607658,4.638901710510254,3.5314827005044718,0.644,4.475837,"{'LH_Washing', 'HC_Exception', 'HCH_Galbladder_Packaging', 'CA_Irrigation_and_aspiration', 'HC_Dissection_of_lymph_nodes_and_blood_vessels_en_bloc', 'HC_Dissection_and_resection_of_the_rectum', 'GR_Development_of_the_plane_between_the_prostate_and_rectum', 'CA_Phacoemulsificiation', 'GR_Left_pelvic_isolated_lymphadenectomy', 'HCH_Cleaning_Coagulation', 'GR_Right_pelvic_isolated_lymphadenectomy', 'CA_Lens_implant_setting-up', 'HC_General_preparation_and_orientation_in_the_abdomen', 'CA_Viscous_agent_removal', 'LH_Dividing_Ligament_and_Peritoneum', 'LH_Suturing', 'HC_Mobilization_of_sigmoid_colon_and_descending_colon', 'HCH_Preparation', 'HCH_Galbladder_Retraction', 'HC_Mobilization_of_splenic_flexure', 'HC_Mobilization_of_ascending_colon', 'HC_Retroperitoneal_preparation_towards_lower_pancreatic_border', 'HC_Mobilization_of_transverse_colon', 'LH_Transecting_the_Vagina', 'LH_Dividing_Uterine_Vessels_and_Ligament', 'HC_Intra-abdominal_preparation_of_anastomosis', 'CZ_Gallbladder_Packaging', 'GR_Bladder_neck_reconstruction', 'CA_Hydrodissection', 'CZ_Preparation', 'CA_Tonifying_and_antibiotics', 'LH_Specimen_Removal', 'CZ_Gallbladder_Dissection', 'CZ_Cleaning_Coagulation', 'HCH_Clipping_Cutting', 'CZ_Calot_Triangle_Dissection', 'CA_Capsule_Polishing', 'GR_Ligation_of_the_deep_dorsal_venous_complex', 'GR_Severing_of_the_prostate_from_the_urethra', 'GR_Bladder_neck_identification_and_transection', 'HCH_Galbladder_Dissection', 'CZ_Clipping_Cutting', 'GR_Idle', 'CA_Viscous_agent_injection', 'HCH_Calot_Triangle_Dissection', 'CA_Incision', 'GR_Seminal_vesicle_dissection', 'GR_Developing_the_Space_of_Retzius'}","{'CZ_Calot_Triangle_Dissection', 'CZ_Gallbladder_Packaging', 'CZ_Gallbladder_Retraction', 'M2_Gallbladder_Retraction', 'CZ_Trocar_Placement', 'CZ_Preparation', 'M2_Trocar_Placement', 'M2_Gallbladder_Dissection', 'M2_Gallbladder_Packaging', 'CZ_Clipping_Cutting', 'M2_Preparation', 'M2_Clipping_Cutting', 'M2_Cleaning_Coagulation', 'CZ_Gallbladder_Dissection', 'CZ_Cleaning_Coagulation', 'M2_Calot_Triangle_Dissection'}",1718282078,checkpoint_000040,True,False,41,0b53e_00015,2024-06-13_14-34-38,187.44151091575623,7733.858196735382,130616,fb-OMEN-by-HP-45L-Gaming-Desktop-GT22-0xxx,129.69.82.151,7733.858196735382,41
63.600001230835915,6.198088645935059,4.088092043485712,0.66400003,4.0956182,"{'LH_Washing', 'HC_Exception', 'HCH_Galbladder_Packaging', 'CA_Irrigation_and_aspiration', 'GR_Development_of_the_plane_between_the_prostate_and_rectum', 'CA_Phacoemulsificiation', 'HCH_Cleaning_Coagulation', 'GR_Right_pelvic_isolated_lymphadenectomy', 'CA_Lens_implant_setting-up', 'HC_General_preparation_and_orientation_in_the_abdomen', 'CA_Viscous_agent_removal', 'LH_Dividing_Ligament_and_Peritoneum', 'LH_Suturing', 'HC_Mobilization_of_sigmoid_colon_and_descending_colon', 'HCH_Preparation', 'HCH_Galbladder_Retraction', 'HC_Mobilization_of_splenic_flexure', 'HC_Mobilization_of_ascending_colon', 'HC_Mobilization_of_transverse_colon', 'LH_Transecting_the_Vagina', 'LH_Dividing_Uterine_Vessels_and_Ligament', 'HC_Intra-abdominal_preparation_of_anastomosis', 'CZ_Gallbladder_Packaging', 'GR_Bladder_neck_reconstruction', 'CA_Hydrodissection', 'CZ_Preparation', 'CA_Tonifying_and_antibiotics', 'LH_Specimen_Removal', 'CZ_Gallbladder_Dissection', 'GR_Prostatic_pedicle_control', 'LH_Preparation', 'CZ_Cleaning_Coagulation', 'HCH_Clipping_Cutting', 'CZ_Calot_Triangle_Dissection', 'CA_Capsule_Polishing', 'HC_Retroperitoneal_preparation_of_duodenum_and_pancreatic_head', 'HC_Finalization_of_operation', 'GR_Bladder_neck_identification_and_transection', 'HCH_Galbladder_Dissection', 'CZ_Clipping_Cutting', 'GR_Idle', 'CA_Viscous_agent_injection', 'HCH_Calot_Triangle_Dissection', 'GR_Seminal_vesicle_dissection', 'GR_Developing_the_Space_of_Retzius'}","{'CZ_Calot_Triangle_Dissection', 'CZ_Gallbladder_Packaging', 'CZ_Gallbladder_Retraction', 'M2_Gallbladder_Retraction', 'CZ_Trocar_Placement', 'CZ_Preparation', 'M2_Trocar_Placement', 'M2_Gallbladder_Dissection', 'M2_Gallbladder_Packaging', 'CZ_Clipping_Cutting', 'M2_Preparation', 'M2_Clipping_Cutting', 'M2_Cleaning_Coagulation', 'CZ_Gallbladder_Dissection', 'CZ_Cleaning_Coagulation', 'M2_Calot_Triangle_Dissection'}",1718282266,checkpoint_000041,True,False,42,0b53e_00015,2024-06-13_14-37-47,188.6102294921875,7922.46842622757,130616,fb-OMEN-by-HP-45L-Gaming-Desktop-GT22-0xxx,129.69.82.151,7922.46842622757,42
66.20000132918358,6.839483261108398,4.062262526053937,0.69600004,3.7553082,"{'LH_Washing', 'HC_Exception', 'HCH_Galbladder_Packaging', 'CA_Irrigation_and_aspiration', 'HC_Dissection_of_lymph_nodes_and_blood_vessels_en_bloc', 'GR_Development_of_the_plane_between_the_prostate_and_rectum', 'CA_Phacoemulsificiation', 'GR_Left_pelvic_isolated_lymphadenectomy', 'GR_Right_pelvic_isolated_lymphadenectomy', 'CA_Lens_implant_setting-up', 'HC_General_preparation_and_orientation_in_the_abdomen', 'CA_Viscous_agent_removal', 'CZ_Gallbladder_Retraction', 'HC_Mobilization_of_sigmoid_colon_and_descending_colon', 'HCH_Preparation', 'HCH_Galbladder_Retraction', 'HC_Mobilization_of_splenic_flexure', 'HC_Mobilization_of_ascending_colon', 'HC_Retroperitoneal_preparation_towards_lower_pancreatic_border', 'HC_Mobilization_of_transverse_colon', 'LH_Transecting_the_Vagina', 'LH_Dividing_Uterine_Vessels_and_Ligament', 'HC_Intra-abdominal_preparation_of_anastomosis', 'CZ_Gallbladder_Packaging', 'CA_Hydrodissection', 'CZ_Preparation', 'CA_Tonifying_and_antibiotics', 'LH_Specimen_Removal', 'CZ_Gallbladder_Dissection', 'CA_Rhexis', 'LH_Preparation', 'GR_Prostatic_pedicle_control', 'CZ_Cleaning_Coagulation', 'HCH_Clipping_Cutting', 'CZ_Calot_Triangle_Dissection', 'CA_Capsule_Polishing', 'HC_Retroperitoneal_preparation_of_duodenum_and_pancreatic_head', 'GR_Ligation_of_the_deep_dorsal_venous_complex', 'GR_Severing_of_the_prostate_from_the_urethra', 'GR_Bladder_neck_identification_and_transection', 'HCH_Galbladder_Dissection', 'CZ_Clipping_Cutting', 'GR_Idle', 'HCH_Calot_Triangle_Dissection', 'CA_Incision', 'GR_Seminal_vesicle_dissection'}","{'CZ_Calot_Triangle_Dissection', 'CZ_Gallbladder_Packaging', 'CZ_Gallbladder_Retraction', 'M2_Gallbladder_Retraction', 'CZ_Trocar_Placement', 'CZ_Preparation', 'M2_Trocar_Placement', 'M2_Gallbladder_Dissection', 'M2_Gallbladder_Packaging', 'CZ_Clipping_Cutting', 'M2_Preparation', 'M2_Clipping_Cutting', 'M2_Cleaning_Coagulation', 'CZ_Gallbladder_Dissection', 'CZ_Cleaning_Coagulation', 'M2_Calot_Triangle_Dissection'}",1718282455,checkpoint_000042,True,False,43,0b53e_00015,2024-06-13_14-40-56,188.8956916332245,8111.364117860794,130616,fb-OMEN-by-HP-45L-Gaming-Desktop-GT22-0xxx,129.69.82.151,8111.364117860794,43
71.20000120997429,4.06182861328125,3.813497158547418,0.644,4.8095055,"{'LH_Washing', 'HC_Exception', 'HC_Creation_of_stoma', 'CA_Irrigation_and_aspiration', 'HC_Dissection_and_resection_of_the_rectum', 'GR_Development_of_the_plane_between_the_prostate_and_rectum', 'CA_Phacoemulsificiation', 'GR_Left_pelvic_isolated_lymphadenectomy', 'GR_Right_pelvic_isolated_lymphadenectomy', 'CA_Lens_implant_setting-up', 'HC_General_preparation_and_orientation_in_the_abdomen', 'CA_Viscous_agent_removal', 'LH_Dividing_Ligament_and_Peritoneum', 'CZ_Gallbladder_Retraction', 'LH_Suturing', 'HC_Mobilization_of_sigmoid_colon_and_descending_colon', 'HCH_Preparation', 'HCH_Galbladder_Retraction', 'HC_Mobilization_of_splenic_flexure', 'HC_Mobilization_of_ascending_colon', 'HC_Mobilization_of_transverse_colon', 'LH_Transecting_the_Vagina', 'LH_Dividing_Uterine_Vessels_and_Ligament', 'HC_Intra-abdominal_preparation_of_anastomosis', 'CZ_Gallbladder_Packaging', 'GR_Bladder_neck_reconstruction', 'CA_Hydrodissection', 'CZ_Preparation', 'CA_Tonifying_and_antibiotics', 'LH_Specimen_Removal', 'CZ_Gallbladder_Dissection', 'CA_Rhexis', 'GR_Prostatic_pedicle_control', 'CZ_Cleaning_Coagulation', 'HCH_Clipping_Cutting', 'CZ_Calot_Triangle_Dissection', 'HC_Finalization_of_operation', 'GR_Bladder_neck_identification_and_transection', 'HCH_Galbladder_Dissection', 'CZ_Clipping_Cutting', 'GR_Idle', 'CA_Viscous_agent_injection', 'HCH_Calot_Triangle_Dissection', 'CA_Incision', 'GR_Seminal_vesicle_dissection'}","{'CZ_Calot_Triangle_Dissection', 'CZ_Gallbladder_Packaging', 'CZ_Gallbladder_Retraction', 'M2_Gallbladder_Retraction', 'CZ_Trocar_Placement', 'CZ_Preparation', 'M2_Trocar_Placement', 'M2_Gallbladder_Dissection', 'M2_Gallbladder_Packaging', 'CZ_Clipping_Cutting', 'M2_Preparation', 'M2_Clipping_Cutting', 'M2_Cleaning_Coagulation', 'CZ_Gallbladder_Dissection', 'CZ_Cleaning_Coagulation', 'M2_Calot_Triangle_Dissection'}",1718282644,checkpoint_000043,True,False,44,0b53e_00015,2024-06-13_14-44-04,188.35354852676392,8299.717666387558,130616,fb-OMEN-by-HP-45L-Gaming-Desktop-GT22-0xxx,129.69.82.151,8299.717666387558,44
67.6000012755394,6.299698352813721,4.177329716732505,0.6700001,3.7655854,"{'LH_Washing', 'HC_Exception', 'HCH_Galbladder_Packaging', 'HC_Creation_of_stoma', 'CA_Irrigation_and_aspiration', 'HC_Dissection_of_lymph_nodes_and_blood_vessels_en_bloc', 'GR_Development_of_the_plane_between_the_prostate_and_rectum', 'CA_Phacoemulsificiation', 'GR_Left_pelvic_isolated_lymphadenectomy', 'HC_Extra-abdominal_preparation_of_anastomosis', 'GR_Right_pelvic_isolated_lymphadenectomy', 'CA_Lens_implant_setting-up', 'CA_Viscous_agent_removal', 'LH_Dividing_Ligament_and_Peritoneum', 'CZ_Gallbladder_Retraction', 'LH_Suturing', 'HC_Mobilization_of_sigmoid_colon_and_descending_colon', 'HCH_Preparation', 'HCH_Galbladder_Retraction', 'HC_Mobilization_of_splenic_flexure', 'HC_Mobilization_of_ascending_colon', 'LH_Transecting_the_Vagina', 'LH_Dividing_Uterine_Vessels_and_Ligament', 'HC_Intra-abdominal_preparation_of_anastomosis', 'CZ_Gallbladder_Packaging', 'GR_Bladder_neck_reconstruction', 'CA_Hydrodissection', 'CZ_Preparation', 'CZ_Gallbladder_Dissection', 'CA_Rhexis', 'LH_Preparation', 'GR_Prostatic_pedicle_control', 'CZ_Cleaning_Coagulation', 'HCH_Clipping_Cutting', 'CZ_Calot_Triangle_Dissection', 'CA_Capsule_Polishing', 'HC_Retroperitoneal_preparation_of_duodenum_and_pancreatic_head', 'HC_Finalization_of_operation', 'GR_Ligation_of_the_deep_dorsal_venous_complex', 'GR_Severing_of_the_prostate_from_the_urethra', 'GR_Bladder_neck_identification_and_transection', 'HCH_Galbladder_Dissection', 'CZ_Clipping_Cutting', 'GR_Idle', 'CA_Viscous_agent_injection', 'HCH_Calot_Triangle_Dissection', 'GR_Seminal_vesicle_dissection', 'GR_Developing_the_Space_of_Retzius'}","{'CZ_Calot_Triangle_Dissection', 'CZ_Gallbladder_Packaging', 'CZ_Gallbladder_Retraction', 'M2_Gallbladder_Retraction', 'CZ_Trocar_Placement', 'CZ_Preparation', 'M2_Trocar_Placement', 'M2_Gallbladder_Dissection', 'M2_Gallbladder_Packaging', 'CZ_Clipping_Cutting', 'M2_Preparation', 'M2_Clipping_Cutting', 'M2_Cleaning_Coagulation', 'CZ_Gallbladder_Dissection', 'CZ_Cleaning_Coagulation', 'M2_Calot_Triangle_Dissection'}",1718282833,checkpoint_000044,True,False,45,0b53e_00015,2024-06-13_14-47-13,188.8155014514923,8488.53316783905,130616,fb-OMEN-by-HP-45L-Gaming-Desktop-GT22-0xxx,129.69.82.151,8488.53316783905,45
69.00000134110451,4.336418151855469,3.815712715941383,0.72199994,3.7948895,"{'LH_Washing', 'HC_Exception', 'HCH_Galbladder_Packaging', 'HC_Creation_of_stoma', 'CA_Irrigation_and_aspiration', 'HC_Dissection_of_lymph_nodes_and_blood_vessels_en_bloc', 'CA_Phacoemulsificiation', 'GR_Left_pelvic_isolated_lymphadenectomy', 'HC_Extra-abdominal_preparation_of_anastomosis', 'HCH_Cleaning_Coagulation', 'GR_Right_pelvic_isolated_lymphadenectomy', 'CA_Lens_implant_setting-up', 'HC_General_preparation_and_orientation_in_the_abdomen', 'CA_Viscous_agent_removal', 'LH_Dividing_Ligament_and_Peritoneum', 'CZ_Gallbladder_Retraction', 'HC_Mobilization_of_sigmoid_colon_and_descending_colon', 'HCH_Preparation', 'HC_Mobilization_of_ascending_colon', 'HC_Retroperitoneal_preparation_towards_lower_pancreatic_border', 'HC_Mobilization_of_transverse_colon', 'LH_Transecting_the_Vagina', 'LH_Dividing_Uterine_Vessels_and_Ligament', 'CZ_Gallbladder_Packaging', 'GR_Bladder_neck_reconstruction', 'CA_Hydrodissection', 'CZ_Preparation', 'CA_Tonifying_and_antibiotics', 'LH_Specimen_Removal', 'CZ_Gallbladder_Dissection', 'CA_Rhexis', 'LH_Preparation', 'GR_Prostatic_pedicle_control', 'HCH_Clipping_Cutting', 'CZ_Calot_Triangle_Dissection', 'CA_Capsule_Polishing', 'HC_Retroperitoneal_preparation_of_duodenum_and_pancreatic_head', 'GR_Ligation_of_the_deep_dorsal_venous_complex', 'GR_Severing_of_the_prostate_from_the_urethra', 'HCH_Galbladder_Dissection', 'CZ_Clipping_Cutting', 'GR_Idle', 'CA_Viscous_agent_injection', 'HCH_Calot_Triangle_Dissection', 'CA_Incision', 'GR_Developing_the_Space_of_Retzius'}","{'CZ_Calot_Triangle_Dissection', 'CZ_Gallbladder_Packaging', 'CZ_Gallbladder_Retraction', 'M2_Gallbladder_Retraction', 'CZ_Trocar_Placement', 'CZ_Preparation', 'M2_Trocar_Placement', 'M2_Gallbladder_Dissection', 'M2_Gallbladder_Packaging', 'CZ_Clipping_Cutting', 'M2_Preparation', 'M2_Clipping_Cutting', 'M2_Cleaning_Coagulation', 'CZ_Gallbladder_Dissection', 'CZ_Cleaning_Coagulation', 'M2_Calot_Triangle_Dissection'}",1718283020,checkpoint_000045,True,False,46,0b53e_00015,2024-06-13_14-50-20,187.34379935264587,8675.876967191696,130616,fb-OMEN-by-HP-45L-Gaming-Desktop-GT22-0xxx,129.69.82.151,8675.876967191696,46
64.00000135600567,4.352156639099121,4.258209931578974,0.69600004,3.948317,"{'LH_Washing', 'HC_Exception', 'HCH_Galbladder_Packaging', 'HC_Creation_of_stoma', 'CA_Irrigation_and_aspiration', 'HC_Dissection_of_lymph_nodes_and_blood_vessels_en_bloc', 'HC_Dissection_and_resection_of_the_rectum', 'GR_Development_of_the_plane_between_the_prostate_and_rectum', 'CA_Phacoemulsificiation', 'GR_Left_pelvic_isolated_lymphadenectomy', 'HC_Extra-abdominal_preparation_of_anastomosis', 'GR_Right_pelvic_isolated_lymphadenectomy', 'CA_Lens_implant_setting-up', 'HC_General_preparation_and_orientation_in_the_abdomen', 'LH_Dividing_Ligament_and_Peritoneum', 'CZ_Gallbladder_Retraction', 'LH_Suturing', 'HCH_Preparation', 'HCH_Galbladder_Retraction', 'HC_Mobilization_of_splenic_flexure', 'HC_Mobilization_of_ascending_colon', 'HC_Retroperitoneal_preparation_towards_lower_pancreatic_border', 'HC_Mobilization_of_transverse_colon', 'LH_Transecting_the_Vagina', 'LH_Dividing_Uterine_Vessels_and_Ligament', 'HC_Intra-abdominal_preparation_of_anastomosis', 'CZ_Gallbladder_Packaging', 'GR_Bladder_neck_reconstruction', 'CA_Hydrodissection', 'CZ_Preparation', 'CA_Tonifying_and_antibiotics', 'LH_Specimen_Removal', 'CZ_Gallbladder_Dissection', 'CA_Rhexis', 'LH_Preparation', 'HCH_Clipping_Cutting', 'CZ_Calot_Triangle_Dissection', 'HC_Retroperitoneal_preparation_of_duodenum_and_pancreatic_head', 'HC_Finalization_of_operation', 'GR_Ligation_of_the_deep_dorsal_venous_complex', 'GR_Severing_of_the_prostate_from_the_urethra', 'GR_Bladder_neck_identification_and_transection', 'HCH_Galbladder_Dissection', 'CZ_Clipping_Cutting', 'GR_Idle', 'CA_Viscous_agent_injection', 'HCH_Calot_Triangle_Dissection', 'CA_Incision', 'GR_Developing_the_Space_of_Retzius'}","{'CZ_Calot_Triangle_Dissection', 'CZ_Gallbladder_Packaging', 'CZ_Gallbladder_Retraction', 'M2_Gallbladder_Retraction', 'CZ_Trocar_Placement', 'CZ_Preparation', 'M2_Trocar_Placement', 'M2_Gallbladder_Dissection', 'M2_Gallbladder_Packaging', 'CZ_Clipping_Cutting', 'M2_Preparation', 'M2_Clipping_Cutting', 'M2_Cleaning_Coagulation', 'CZ_Gallbladder_Dissection', 'CZ_Cleaning_Coagulation', 'M2_Calot_Triangle_Dissection'}",1718283208,checkpoint_000046,True,False,47,0b53e_00015,2024-06-13_14-53-28,187.72007942199707,8863.597046613693,130616,fb-OMEN-by-HP-45L-Gaming-Desktop-GT22-0xxx,129.69.82.151,8863.597046613693,47
65.2000012844801,6.275412559509277,4.059424499622375,0.63,4.497383,"{'LH_Washing', 'HC_Exception', 'HCH_Galbladder_Packaging', 'HC_Creation_of_stoma', 'CA_Irrigation_and_aspiration', 'HC_Dissection_of_lymph_nodes_and_blood_vessels_en_bloc', 'HC_Dissection_and_resection_of_the_rectum', 'GR_Development_of_the_plane_between_the_prostate_and_rectum', 'CA_Phacoemulsificiation', 'GR_Left_pelvic_isolated_lymphadenectomy', 'HC_Extra-abdominal_preparation_of_anastomosis', 'HCH_Cleaning_Coagulation', 'GR_Right_pelvic_isolated_lymphadenectomy', 'CA_Lens_implant_setting-up', 'LH_Dividing_Ligament_and_Peritoneum', 'CZ_Gallbladder_Retraction', 'LH_Suturing', 'HC_Mobilization_of_sigmoid_colon_and_descending_colon', 'HCH_Preparation', 'HCH_Galbladder_Retraction', 'HC_Mobilization_of_transverse_colon', 'LH_Transecting_the_Vagina', 'LH_Dividing_Uterine_Vessels_and_Ligament', 'HC_Intra-abdominal_preparation_of_anastomosis', 'CZ_Gallbladder_Packaging', 'CZ_Preparation', 'CA_Tonifying_and_antibiotics', 'CZ_Gallbladder_Dissection', 'CA_Rhexis', 'LH_Preparation', 'GR_Prostatic_pedicle_control', 'CZ_Cleaning_Coagulation', 'HCH_Clipping_Cutting', 'CZ_Calot_Triangle_Dissection', 'CA_Capsule_Polishing', 'HC_Finalization_of_operation', 'GR_Ligation_of_the_deep_dorsal_venous_complex', 'GR_Severing_of_the_prostate_from_the_urethra', 'GR_Bladder_neck_identification_and_transection', 'CZ_Clipping_Cutting', 'GR_Idle', 'CA_Viscous_agent_injection', 'HCH_Calot_Triangle_Dissection', 'CA_Incision', 'GR_Seminal_vesicle_dissection'}","{'CZ_Calot_Triangle_Dissection', 'CZ_Gallbladder_Packaging', 'CZ_Gallbladder_Retraction', 'M2_Gallbladder_Retraction', 'CZ_Trocar_Placement', 'CZ_Preparation', 'M2_Trocar_Placement', 'M2_Gallbladder_Dissection', 'M2_Gallbladder_Packaging', 'CZ_Clipping_Cutting', 'M2_Preparation', 'M2_Clipping_Cutting', 'M2_Cleaning_Coagulation', 'CZ_Gallbladder_Dissection', 'CZ_Cleaning_Coagulation', 'M2_Calot_Triangle_Dissection'}",1718283394,checkpoint_000047,True,False,48,0b53e_00015,2024-06-13_14-56-35,186.87357783317566,9050.470624446869,130616,fb-OMEN-by-HP-45L-Gaming-Desktop-GT22-0xxx,129.69.82.151,9050.470624446869,48
65.80000147223473,5.825467586517334,3.7310081074389716,0.676,4.0939655,"{'LH_Washing', 'HC_Exception', 'HCH_Galbladder_Packaging', 'HC_Creation_of_stoma', 'HC_Dissection_of_lymph_nodes_and_blood_vessels_en_bloc', 'HC_Dissection_and_resection_of_the_rectum', 'GR_Development_of_the_plane_between_the_prostate_and_rectum', 'CA_Phacoemulsificiation', 'GR_Left_pelvic_isolated_lymphadenectomy', 'HC_Extra-abdominal_preparation_of_anastomosis', 'HCH_Cleaning_Coagulation', 'HC_General_preparation_and_orientation_in_the_abdomen', 'CA_Viscous_agent_removal', 'LH_Dividing_Ligament_and_Peritoneum', 'CZ_Gallbladder_Retraction', 'LH_Suturing', 'HC_Mobilization_of_sigmoid_colon_and_descending_colon', 'HCH_Preparation', 'HCH_Galbladder_Retraction', 'HC_Mobilization_of_splenic_flexure', 'HC_Mobilization_of_ascending_colon', 'HC_Retroperitoneal_preparation_towards_lower_pancreatic_border', 'HC_Mobilization_of_transverse_colon', 'LH_Transecting_the_Vagina', 'LH_Dividing_Uterine_Vessels_and_Ligament', 'HC_Intra-abdominal_preparation_of_anastomosis', 'CZ_Gallbladder_Packaging', 'GR_Bladder_neck_reconstruction', 'CA_Hydrodissection', 'CZ_Preparation', 'LH_Specimen_Removal', 'CZ_Gallbladder_Dissection', 'GR_Prostatic_pedicle_control', 'LH_Preparation', 'CZ_Cleaning_Coagulation', 'HCH_Clipping_Cutting', 'CZ_Calot_Triangle_Dissection', 'CA_Capsule_Polishing', 'HC_Retroperitoneal_preparation_of_duodenum_and_pancreatic_head', 'HC_Finalization_of_operation', 'GR_Ligation_of_the_deep_dorsal_venous_complex', 'GR_Severing_of_the_prostate_from_the_urethra', 'GR_Bladder_neck_identification_and_transection', 'HCH_Galbladder_Dissection', 'CZ_Clipping_Cutting', 'HCH_Calot_Triangle_Dissection', 'GR_Seminal_vesicle_dissection', 'GR_Developing_the_Space_of_Retzius'}","{'CZ_Calot_Triangle_Dissection', 'CZ_Gallbladder_Packaging', 'CZ_Gallbladder_Retraction', 'M2_Gallbladder_Retraction', 'CZ_Trocar_Placement', 'CZ_Preparation', 'M2_Trocar_Placement', 'M2_Gallbladder_Dissection', 'M2_Gallbladder_Packaging', 'CZ_Clipping_Cutting', 'M2_Preparation', 'M2_Clipping_Cutting', 'M2_Cleaning_Coagulation', 'CZ_Gallbladder_Dissection', 'CZ_Cleaning_Coagulation', 'M2_Calot_Triangle_Dissection'}",1718283584,checkpoint_000048,True,False,49,0b53e_00015,2024-06-13_14-59-45,189.66225457191467,9240.132879018784,130616,fb-OMEN-by-HP-45L-Gaming-Desktop-GT22-0xxx,129.69.82.151,9240.132879018784,49
68.60000143945217,4.847774982452393,3.687926276391874,0.68000007,4.0557218,"{'LH_Washing', 'HC_Exception', 'HCH_Galbladder_Packaging', 'HC_Creation_of_stoma', 'CA_Irrigation_and_aspiration', 'HC_Dissection_of_lymph_nodes_and_blood_vessels_en_bloc', 'GR_Development_of_the_plane_between_the_prostate_and_rectum', 'CA_Phacoemulsificiation', 'GR_Left_pelvic_isolated_lymphadenectomy', 'GR_Right_pelvic_isolated_lymphadenectomy', 'HC_General_preparation_and_orientation_in_the_abdomen', 'CA_Viscous_agent_removal', 'LH_Dividing_Ligament_and_Peritoneum', 'CZ_Gallbladder_Retraction', 'LH_Suturing', 'HC_Mobilization_of_sigmoid_colon_and_descending_colon', 'HCH_Preparation', 'HCH_Galbladder_Retraction', 'HC_Mobilization_of_splenic_flexure', 'HC_Mobilization_of_ascending_colon', 'HC_Retroperitoneal_preparation_towards_lower_pancreatic_border', 'LH_Transecting_the_Vagina', 'LH_Dividing_Uterine_Vessels_and_Ligament', 'CZ_Gallbladder_Packaging', 'GR_Bladder_neck_reconstruction', 'CA_Hydrodissection', 'CZ_Preparation', 'LH_Specimen_Removal', 'CZ_Gallbladder_Dissection', 'GR_Prostatic_pedicle_control', 'LH_Preparation', 'CZ_Cleaning_Coagulation', 'CZ_Calot_Triangle_Dissection', 'CA_Capsule_Polishing', 'HC_Retroperitoneal_preparation_of_duodenum_and_pancreatic_head', 'HC_Finalization_of_operation', 'GR_Severing_of_the_prostate_from_the_urethra', 'GR_Bladder_neck_identification_and_transection', 'HCH_Galbladder_Dissection', 'CZ_Clipping_Cutting', 'GR_Idle', 'CA_Viscous_agent_injection', 'HCH_Calot_Triangle_Dissection', 'GR_Seminal_vesicle_dissection', 'GR_Developing_the_Space_of_Retzius'}","{'CZ_Calot_Triangle_Dissection', 'CZ_Gallbladder_Packaging', 'CZ_Gallbladder_Retraction', 'M2_Gallbladder_Retraction', 'CZ_Trocar_Placement', 'CZ_Preparation', 'M2_Trocar_Placement', 'M2_Gallbladder_Dissection', 'M2_Gallbladder_Packaging', 'CZ_Clipping_Cutting', 'M2_Preparation', 'M2_Clipping_Cutting', 'M2_Cleaning_Coagulation', 'CZ_Gallbladder_Dissection', 'CZ_Cleaning_Coagulation', 'M2_Calot_Triangle_Dissection'}",1718283773,checkpoint_000049,True,False,50,0b53e_00015,2024-06-13_15-02-53,188.49404740333557,9428.62692642212,130616,fb-OMEN-by-HP-45L-Gaming-Desktop-GT22-0xxx,129.69.82.151,9428.62692642212,50
71.80000133812428,4.900048732757568,3.7638123644380146,0.7140001,4.0051527,"{'LH_Washing', 'HC_Exception', 'HCH_Galbladder_Packaging', 'HC_Creation_of_stoma', 'CA_Irrigation_and_aspiration', 'HC_Dissection_and_resection_of_the_rectum', 'GR_Left_pelvic_isolated_lymphadenectomy', 'HCH_Cleaning_Coagulation', 'CA_Lens_implant_setting-up', 'HC_General_preparation_and_orientation_in_the_abdomen', 'CA_Viscous_agent_removal', 'LH_Dividing_Ligament_and_Peritoneum', 'CZ_Gallbladder_Retraction', 'LH_Suturing', 'HC_Mobilization_of_sigmoid_colon_and_descending_colon', 'HCH_Galbladder_Retraction', 'HC_Retroperitoneal_preparation_towards_lower_pancreatic_border', 'HC_Mobilization_of_transverse_colon', 'LH_Transecting_the_Vagina', 'HC_Intra-abdominal_preparation_of_anastomosis', 'CZ_Gallbladder_Packaging', 'GR_Bladder_neck_reconstruction', 'CA_Hydrodissection', 'CZ_Preparation', 'CA_Tonifying_and_antibiotics', 'LH_Specimen_Removal', 'CZ_Gallbladder_Dissection', 'LH_Preparation', 'CZ_Cleaning_Coagulation', 'CZ_Calot_Triangle_Dissection', 'CA_Capsule_Polishing', 'HC_Finalization_of_operation', 'GR_Ligation_of_the_deep_dorsal_venous_complex', 'GR_Severing_of_the_prostate_from_the_urethra', 'GR_Bladder_neck_identification_and_transection', 'HCH_Galbladder_Dissection', 'CZ_Clipping_Cutting', 'GR_Idle', 'CA_Viscous_agent_injection', 'HCH_Calot_Triangle_Dissection', 'CA_Incision', 'GR_Seminal_vesicle_dissection', 'GR_Developing_the_Space_of_Retzius'}","{'CZ_Calot_Triangle_Dissection', 'CZ_Gallbladder_Packaging', 'CZ_Gallbladder_Retraction', 'M2_Gallbladder_Retraction', 'CZ_Trocar_Placement', 'CZ_Preparation', 'M2_Trocar_Placement', 'M2_Gallbladder_Dissection', 'M2_Gallbladder_Packaging', 'CZ_Clipping_Cutting', 'M2_Preparation', 'M2_Clipping_Cutting', 'M2_Cleaning_Coagulation', 'CZ_Gallbladder_Dissection', 'CZ_Cleaning_Coagulation', 'M2_Calot_Triangle_Dissection'}",1718283961,checkpoint_000050,True,False,51,0b53e_00015,2024-06-13_15-06-01,188.33252716064453,9616.959453582764,130616,fb-OMEN-by-HP-45L-Gaming-Desktop-GT22-0xxx,129.69.82.151,9616.959453582764,51
64.60000129044056,5.349495887756348,4.105907618128413,0.71200013,3.932418,"{'LH_Washing', 'HC_Exception', 'HCH_Galbladder_Packaging', 'CA_Irrigation_and_aspiration', 'HC_Dissection_of_lymph_nodes_and_blood_vessels_en_bloc', 'GR_Left_pelvic_isolated_lymphadenectomy', 'HC_Extra-abdominal_preparation_of_anastomosis', 'HCH_Cleaning_Coagulation', 'CA_Lens_implant_setting-up', 'HC_General_preparation_and_orientation_in_the_abdomen', 'CA_Viscous_agent_removal', 'LH_Dividing_Ligament_and_Peritoneum', 'CZ_Gallbladder_Retraction', 'LH_Suturing', 'HCH_Preparation', 'HCH_Galbladder_Retraction', 'HC_Retroperitoneal_preparation_towards_lower_pancreatic_border', 'HC_Mobilization_of_transverse_colon', 'LH_Transecting_the_Vagina', 'LH_Dividing_Uterine_Vessels_and_Ligament', 'HC_Intra-abdominal_preparation_of_anastomosis', 'CZ_Gallbladder_Packaging', 'GR_Bladder_neck_reconstruction', 'CA_Hydrodissection', 'CZ_Preparation', 'CA_Tonifying_and_antibiotics', 'LH_Specimen_Removal', 'CZ_Gallbladder_Dissection', 'CA_Rhexis', 'LH_Preparation', 'GR_Prostatic_pedicle_control', 'CZ_Cleaning_Coagulation', 'HCH_Clipping_Cutting', 'CZ_Calot_Triangle_Dissection', 'CA_Capsule_Polishing', 'HC_Retroperitoneal_preparation_of_duodenum_and_pancreatic_head', 'HC_Finalization_of_operation', 'GR_Ligation_of_the_deep_dorsal_venous_complex', 'HCH_Galbladder_Dissection', 'CZ_Clipping_Cutting', 'GR_Idle', 'CA_Viscous_agent_injection', 'HCH_Calot_Triangle_Dissection', 'CA_Incision', 'GR_Seminal_vesicle_dissection'}","{'CZ_Calot_Triangle_Dissection', 'CZ_Gallbladder_Packaging', 'CZ_Gallbladder_Retraction', 'M2_Gallbladder_Retraction', 'CZ_Trocar_Placement', 'CZ_Preparation', 'M2_Trocar_Placement', 'M2_Gallbladder_Dissection', 'M2_Gallbladder_Packaging', 'CZ_Clipping_Cutting', 'M2_Preparation', 'M2_Clipping_Cutting', 'M2_Cleaning_Coagulation', 'CZ_Gallbladder_Dissection', 'CZ_Cleaning_Coagulation', 'M2_Calot_Triangle_Dissection'}",1718284149,checkpoint_000051,True,False,52,0b53e_00015,2024-06-13_15-09-09,187.95091128349304,9804.910364866257,130616,fb-OMEN-by-HP-45L-Gaming-Desktop-GT22-0xxx,129.69.82.151,9804.910364866257,52
61.000001311302185,5.265491962432861,4.235595852885073,0.73600006,3.5134287,"{'LH_Washing', 'HC_Exception', 'CA_Irrigation_and_aspiration', 'HC_Dissection_of_lymph_nodes_and_blood_vessels_en_bloc', 'HC_Dissection_and_resection_of_the_rectum', 'GR_Development_of_the_plane_between_the_prostate_and_rectum', 'GR_Left_pelvic_isolated_lymphadenectomy', 'HC_Extra-abdominal_preparation_of_anastomosis', 'HCH_Cleaning_Coagulation', 'GR_Right_pelvic_isolated_lymphadenectomy', 'CA_Lens_implant_setting-up', 'HC_General_preparation_and_orientation_in_the_abdomen', 'CA_Viscous_agent_removal', 'LH_Dividing_Ligament_and_Peritoneum', 'CZ_Gallbladder_Retraction', 'LH_Suturing', 'HCH_Preparation', 'HC_Mobilization_of_splenic_flexure', 'HC_Mobilization_of_ascending_colon', 'HC_Mobilization_of_transverse_colon', 'LH_Transecting_the_Vagina', 'LH_Dividing_Uterine_Vessels_and_Ligament', 'HC_Intra-abdominal_preparation_of_anastomosis', 'CZ_Gallbladder_Packaging', 'GR_Bladder_neck_reconstruction', 'CA_Hydrodissection', 'CZ_Preparation', 'LH_Specimen_Removal', 'CZ_Gallbladder_Dissection', 'GR_Prostatic_pedicle_control', 'LH_Preparation', 'CZ_Cleaning_Coagulation', 'HCH_Clipping_Cutting', 'CZ_Calot_Triangle_Dissection', 'CA_Capsule_Polishing', 'HC_Retroperitoneal_preparation_of_duodenum_and_pancreatic_head', 'HC_Finalization_of_operation', 'GR_Ligation_of_the_deep_dorsal_venous_complex', 'GR_Severing_of_the_prostate_from_the_urethra', 'GR_Bladder_neck_identification_and_transection', 'HCH_Galbladder_Dissection', 'CZ_Clipping_Cutting', 'CA_Viscous_agent_injection', 'HCH_Calot_Triangle_Dissection', 'CA_Incision', 'GR_Seminal_vesicle_dissection', 'GR_Developing_the_Space_of_Retzius'}","{'CZ_Calot_Triangle_Dissection', 'CZ_Gallbladder_Packaging', 'CZ_Gallbladder_Retraction', 'M2_Gallbladder_Retraction', 'CZ_Trocar_Placement', 'CZ_Preparation', 'M2_Trocar_Placement', 'M2_Gallbladder_Dissection', 'M2_Gallbladder_Packaging', 'CZ_Clipping_Cutting', 'M2_Preparation', 'M2_Clipping_Cutting', 'M2_Cleaning_Coagulation', 'CZ_Gallbladder_Dissection', 'CZ_Cleaning_Coagulation', 'M2_Calot_Triangle_Dissection'}",1718284338,checkpoint_000052,True,False,53,0b53e_00015,2024-06-13_15-12-19,189.28012204170227,9994.190486907959,130616,fb-OMEN-by-HP-45L-Gaming-Desktop-GT22-0xxx,129.69.82.151,9994.190486907959,53
71.40000122785568,3.722438335418701,3.890686330616268,0.68200004,4.084194,"{'LH_Washing', 'HC_Exception', 'HCH_Galbladder_Packaging', 'HC_Creation_of_stoma', 'CA_Irrigation_and_aspiration', 'HC_Dissection_of_lymph_nodes_and_blood_vessels_en_bloc', 'HC_Dissection_and_resection_of_the_rectum', 'GR_Development_of_the_plane_between_the_prostate_and_rectum', 'GR_Left_pelvic_isolated_lymphadenectomy', 'HCH_Cleaning_Coagulation', 'GR_Right_pelvic_isolated_lymphadenectomy', 'CA_Lens_implant_setting-up', 'HC_General_preparation_and_orientation_in_the_abdomen', 'CA_Viscous_agent_removal', 'LH_Dividing_Ligament_and_Peritoneum', 'CZ_Gallbladder_Retraction', 'LH_Suturing', 'HC_Mobilization_of_sigmoid_colon_and_descending_colon', 'HCH_Preparation', 'HCH_Galbladder_Retraction', 'HC_Mobilization_of_ascending_colon', 'HC_Mobilization_of_transverse_colon', 'LH_Transecting_the_Vagina', 'LH_Dividing_Uterine_Vessels_and_Ligament', 'HC_Intra-abdominal_preparation_of_anastomosis', 'CZ_Gallbladder_Packaging', 'CA_Hydrodissection', 'CZ_Preparation', 'CA_Tonifying_and_antibiotics', 'LH_Specimen_Removal', 'CZ_Gallbladder_Dissection', 'CA_Rhexis', 'LH_Preparation', 'GR_Prostatic_pedicle_control', 'CZ_Cleaning_Coagulation', 'HCH_Clipping_Cutting', 'CZ_Calot_Triangle_Dissection', 'CA_Capsule_Polishing', 'HC_Retroperitoneal_preparation_of_duodenum_and_pancreatic_head', 'GR_Bladder_neck_identification_and_transection', 'HCH_Galbladder_Dissection', 'GR_Idle', 'CA_Viscous_agent_injection', 'HCH_Calot_Triangle_Dissection', 'CA_Incision', 'GR_Seminal_vesicle_dissection'}","{'CZ_Calot_Triangle_Dissection', 'CZ_Gallbladder_Packaging', 'CZ_Gallbladder_Retraction', 'M2_Gallbladder_Retraction', 'CZ_Trocar_Placement', 'CZ_Preparation', 'M2_Trocar_Placement', 'M2_Gallbladder_Dissection', 'M2_Gallbladder_Packaging', 'CZ_Clipping_Cutting', 'M2_Preparation', 'M2_Clipping_Cutting', 'M2_Cleaning_Coagulation', 'CZ_Gallbladder_Dissection', 'CZ_Cleaning_Coagulation', 'M2_Calot_Triangle_Dissection'}",1718284527,checkpoint_000053,True,False,54,0b53e_00015,2024-06-13_15-15-27,188.52826070785522,10182.718747615814,130616,fb-OMEN-by-HP-45L-Gaming-Desktop-GT22-0xxx,129.69.82.151,10182.718747615814,54
68.20000131428242,9.971431732177734,3.8843619410627923,0.65800005,4.143663,"{'LH_Washing', 'HC_Exception', 'HC_Creation_of_stoma', 'HC_Dissection_and_resection_of_the_rectum', 'GR_Development_of_the_plane_between_the_prostate_and_rectum', 'CA_Phacoemulsificiation', 'HC_Extra-abdominal_preparation_of_anastomosis', 'HCH_Cleaning_Coagulation', 'GR_Right_pelvic_isolated_lymphadenectomy', 'CA_Lens_implant_setting-up', 'HC_General_preparation_and_orientation_in_the_abdomen', 'LH_Dividing_Ligament_and_Peritoneum', 'CZ_Gallbladder_Retraction', 'LH_Suturing', 'HC_Mobilization_of_sigmoid_colon_and_descending_colon', 'HCH_Preparation', 'HCH_Galbladder_Retraction', 'HC_Mobilization_of_splenic_flexure', 'HC_Retroperitoneal_preparation_towards_lower_pancreatic_border', 'HC_Mobilization_of_transverse_colon', 'LH_Transecting_the_Vagina', 'LH_Dividing_Uterine_Vessels_and_Ligament', 'HC_Intra-abdominal_preparation_of_anastomosis', 'CZ_Gallbladder_Packaging', 'GR_Bladder_neck_reconstruction', 'CA_Hydrodissection', 'CZ_Preparation', 'CA_Tonifying_and_antibiotics', 'LH_Specimen_Removal', 'CZ_Gallbladder_Dissection', 'CA_Rhexis', 'LH_Preparation', 'GR_Prostatic_pedicle_control', 'CZ_Cleaning_Coagulation', 'HCH_Clipping_Cutting', 'CZ_Calot_Triangle_Dissection', 'CA_Capsule_Polishing', 'HC_Finalization_of_operation', 'GR_Ligation_of_the_deep_dorsal_venous_complex', 'HCH_Galbladder_Dissection', 'CZ_Clipping_Cutting', 'GR_Idle', 'CA_Viscous_agent_injection', 'HCH_Calot_Triangle_Dissection', 'CA_Incision', 'GR_Seminal_vesicle_dissection', 'GR_Developing_the_Space_of_Retzius'}","{'CZ_Calot_Triangle_Dissection', 'CZ_Gallbladder_Packaging', 'CZ_Gallbladder_Retraction', 'M2_Gallbladder_Retraction', 'CZ_Trocar_Placement', 'CZ_Preparation', 'M2_Trocar_Placement', 'M2_Gallbladder_Dissection', 'M2_Gallbladder_Packaging', 'CZ_Clipping_Cutting', 'M2_Preparation', 'M2_Clipping_Cutting', 'M2_Cleaning_Coagulation', 'CZ_Gallbladder_Dissection', 'CZ_Cleaning_Coagulation', 'M2_Calot_Triangle_Dissection'}",1718284715,checkpoint_000054,True,False,55,0b53e_00015,2024-06-13_15-18-36,188.5867178440094,10371.305465459824,130616,fb-OMEN-by-HP-45L-Gaming-Desktop-GT22-0xxx,129.69.82.151,10371.305465459824,55
66.60000136494637,6.096236228942871,4.075857547909104,0.7080001,3.9377775,"{'LH_Washing', 'HC_Exception', 'HCH_Galbladder_Packaging', 'HC_Creation_of_stoma', 'CA_Irrigation_and_aspiration', 'HC_Dissection_of_lymph_nodes_and_blood_vessels_en_bloc', 'HC_Dissection_and_resection_of_the_rectum', 'GR_Development_of_the_plane_between_the_prostate_and_rectum', 'CA_Phacoemulsificiation', 'GR_Left_pelvic_isolated_lymphadenectomy', 'HCH_Cleaning_Coagulation', 'GR_Right_pelvic_isolated_lymphadenectomy', 'HC_General_preparation_and_orientation_in_the_abdomen', 'CA_Viscous_agent_removal', 'LH_Dividing_Ligament_and_Peritoneum', 'LH_Suturing', 'HCH_Preparation', 'HCH_Galbladder_Retraction', 'HC_Mobilization_of_splenic_flexure', 'HC_Mobilization_of_ascending_colon', 'HC_Retroperitoneal_preparation_towards_lower_pancreatic_border', 'LH_Transecting_the_Vagina', 'LH_Dividing_Uterine_Vessels_and_Ligament', 'HC_Intra-abdominal_preparation_of_anastomosis', 'CZ_Gallbladder_Packaging', 'GR_Bladder_neck_reconstruction', 'CZ_Preparation', 'LH_Specimen_Removal', 'CZ_Gallbladder_Dissection', 'CA_Rhexis', 'GR_Prostatic_pedicle_control', 'CZ_Cleaning_Coagulation', 'HCH_Clipping_Cutting', 'CZ_Calot_Triangle_Dissection', 'CA_Capsule_Polishing', 'HC_Retroperitoneal_preparation_of_duodenum_and_pancreatic_head', 'HC_Finalization_of_operation', 'GR_Ligation_of_the_deep_dorsal_venous_complex', 'GR_Severing_of_the_prostate_from_the_urethra', 'GR_Bladder_neck_identification_and_transection', 'HCH_Galbladder_Dissection', 'CZ_Clipping_Cutting', 'GR_Idle', 'HCH_Calot_Triangle_Dissection', 'CA_Incision', 'GR_Seminal_vesicle_dissection', 'GR_Developing_the_Space_of_Retzius'}","{'CZ_Calot_Triangle_Dissection', 'CZ_Gallbladder_Packaging', 'CZ_Gallbladder_Retraction', 'M2_Gallbladder_Retraction', 'CZ_Trocar_Placement', 'CZ_Preparation', 'M2_Trocar_Placement', 'M2_Gallbladder_Dissection', 'M2_Gallbladder_Packaging', 'CZ_Clipping_Cutting', 'M2_Preparation', 'M2_Clipping_Cutting', 'M2_Cleaning_Coagulation', 'CZ_Gallbladder_Dissection', 'CZ_Cleaning_Coagulation', 'M2_Calot_Triangle_Dissection'}",1718284904,checkpoint_000055,True,False,56,0b53e_00015,2024-06-13_15-21-45,188.82730340957642,10560.1327688694,130616,fb-OMEN-by-HP-45L-Gaming-Desktop-GT22-0xxx,129.69.82.151,10560.1327688694,56
70.00000135600567,4.03159761428833,3.9003506809550266,0.6840001,4.2588005,"{'LH_Washing', 'HCH_Galbladder_Packaging', 'HC_Creation_of_stoma', 'CA_Irrigation_and_aspiration', 'HC_Dissection_and_resection_of_the_rectum', 'GR_Development_of_the_plane_between_the_prostate_and_rectum', 'CA_Phacoemulsificiation', 'GR_Left_pelvic_isolated_lymphadenectomy', 'HC_Extra-abdominal_preparation_of_anastomosis', 'HCH_Cleaning_Coagulation', 'CA_Lens_implant_setting-up', 'CA_Viscous_agent_removal', 'LH_Dividing_Ligament_and_Peritoneum', 'CZ_Gallbladder_Retraction', 'LH_Suturing', 'HC_Mobilization_of_sigmoid_colon_and_descending_colon', 'HCH_Preparation', 'HCH_Galbladder_Retraction', 'HC_Mobilization_of_splenic_flexure', 'HC_Mobilization_of_transverse_colon', 'LH_Dividing_Uterine_Vessels_and_Ligament', 'HC_Intra-abdominal_preparation_of_anastomosis', 'CZ_Gallbladder_Packaging', 'GR_Bladder_neck_reconstruction', 'CA_Hydrodissection', 'CZ_Preparation', 'CA_Tonifying_and_antibiotics', 'CZ_Gallbladder_Dissection', 'CA_Rhexis', 'LH_Preparation', 'GR_Prostatic_pedicle_control', 'CZ_Cleaning_Coagulation', 'HCH_Clipping_Cutting', 'CZ_Calot_Triangle_Dissection', 'CA_Capsule_Polishing', 'HC_Retroperitoneal_preparation_of_duodenum_and_pancreatic_head', 'GR_Ligation_of_the_deep_dorsal_venous_complex', 'GR_Bladder_neck_identification_and_transection', 'HCH_Galbladder_Dissection', 'CZ_Clipping_Cutting', 'GR_Idle', 'CA_Viscous_agent_injection', 'HCH_Calot_Triangle_Dissection', 'CA_Incision', 'GR_Developing_the_Space_of_Retzius'}","{'CZ_Calot_Triangle_Dissection', 'CZ_Gallbladder_Packaging', 'CZ_Gallbladder_Retraction', 'M2_Gallbladder_Retraction', 'CZ_Trocar_Placement', 'CZ_Preparation', 'M2_Trocar_Placement', 'M2_Gallbladder_Dissection', 'M2_Gallbladder_Packaging', 'CZ_Clipping_Cutting', 'M2_Preparation', 'M2_Clipping_Cutting', 'M2_Cleaning_Coagulation', 'CZ_Gallbladder_Dissection', 'CZ_Cleaning_Coagulation', 'M2_Calot_Triangle_Dissection'}",1718285092,checkpoint_000056,True,False,57,0b53e_00015,2024-06-13_15-24-52,187.7202513217926,10747.853020191193,130616,fb-OMEN-by-HP-45L-Gaming-Desktop-GT22-0xxx,129.69.82.151,10747.853020191193,57
69.20000146329403,4.263995170593262,3.3455769801581345,0.70200014,3.9258718,"{'LH_Washing', 'HC_Exception', 'HCH_Galbladder_Packaging', 'HC_Creation_of_stoma', 'CA_Irrigation_and_aspiration', 'HC_Dissection_of_lymph_nodes_and_blood_vessels_en_bloc', 'GR_Development_of_the_plane_between_the_prostate_and_rectum', 'GR_Left_pelvic_isolated_lymphadenectomy', 'HC_Extra-abdominal_preparation_of_anastomosis', 'HCH_Cleaning_Coagulation', 'GR_Right_pelvic_isolated_lymphadenectomy', 'CA_Lens_implant_setting-up', 'HC_General_preparation_and_orientation_in_the_abdomen', 'LH_Dividing_Ligament_and_Peritoneum', 'CZ_Gallbladder_Retraction', 'LH_Suturing', 'HC_Mobilization_of_sigmoid_colon_and_descending_colon', 'HCH_Preparation', 'HCH_Galbladder_Retraction', 'HC_Mobilization_of_splenic_flexure', 'HC_Mobilization_of_ascending_colon', 'HC_Retroperitoneal_preparation_towards_lower_pancreatic_border', 'HC_Mobilization_of_transverse_colon', 'LH_Transecting_the_Vagina', 'LH_Dividing_Uterine_Vessels_and_Ligament', 'HC_Intra-abdominal_preparation_of_anastomosis', 'CZ_Gallbladder_Packaging', 'CA_Hydrodissection', 'CZ_Preparation', 'CA_Tonifying_and_antibiotics', 'LH_Specimen_Removal', 'CZ_Gallbladder_Dissection', 'CA_Rhexis', 'LH_Preparation', 'GR_Prostatic_pedicle_control', 'CZ_Cleaning_Coagulation', 'HCH_Clipping_Cutting', 'CZ_Calot_Triangle_Dissection', 'HC_Retroperitoneal_preparation_of_duodenum_and_pancreatic_head', 'HC_Finalization_of_operation', 'GR_Ligation_of_the_deep_dorsal_venous_complex', 'GR_Severing_of_the_prostate_from_the_urethra', 'GR_Bladder_neck_identification_and_transection', 'CZ_Clipping_Cutting', 'GR_Idle', 'CA_Viscous_agent_injection', 'HCH_Calot_Triangle_Dissection', 'CA_Incision', 'GR_Seminal_vesicle_dissection', 'GR_Developing_the_Space_of_Retzius'}","{'CZ_Calot_Triangle_Dissection', 'CZ_Gallbladder_Packaging', 'CZ_Gallbladder_Retraction', 'M2_Gallbladder_Retraction', 'CZ_Trocar_Placement', 'CZ_Preparation', 'M2_Trocar_Placement', 'M2_Gallbladder_Dissection', 'M2_Gallbladder_Packaging', 'CZ_Clipping_Cutting', 'M2_Preparation', 'M2_Clipping_Cutting', 'M2_Cleaning_Coagulation', 'CZ_Gallbladder_Dissection', 'CZ_Cleaning_Coagulation', 'M2_Calot_Triangle_Dissection'}",1718285281,checkpoint_000057,True,False,58,0b53e_00015,2024-06-13_15-28-01,188.7551007270813,10936.608120918274,130616,fb-OMEN-by-HP-45L-Gaming-Desktop-GT22-0xxx,129.69.82.151,10936.608120918274,58
66.20000138878822,4.5764594078063965,3.985890212219946,0.69600016,3.714014,"{'LH_Washing', 'HC_Exception', 'HCH_Galbladder_Packaging', 'HC_Creation_of_stoma', 'CA_Irrigation_and_aspiration', 'HC_Dissection_of_lymph_nodes_and_blood_vessels_en_bloc', 'HC_Dissection_and_resection_of_the_rectum', 'GR_Development_of_the_plane_between_the_prostate_and_rectum', 'GR_Left_pelvic_isolated_lymphadenectomy', 'HC_Extra-abdominal_preparation_of_anastomosis', 'HCH_Cleaning_Coagulation', 'GR_Right_pelvic_isolated_lymphadenectomy', 'CA_Lens_implant_setting-up', 'CA_Viscous_agent_removal', 'LH_Dividing_Ligament_and_Peritoneum', 'CZ_Gallbladder_Retraction', 'LH_Suturing', 'HC_Mobilization_of_sigmoid_colon_and_descending_colon', 'HCH_Preparation', 'HCH_Galbladder_Retraction', 'HC_Mobilization_of_splenic_flexure', 'HC_Mobilization_of_ascending_colon', 'HC_Retroperitoneal_preparation_towards_lower_pancreatic_border', 'LH_Transecting_the_Vagina', 'LH_Dividing_Uterine_Vessels_and_Ligament', 'CZ_Gallbladder_Packaging', 'CZ_Preparation', 'LH_Specimen_Removal', 'CZ_Gallbladder_Dissection', 'LH_Preparation', 'CZ_Cleaning_Coagulation', 'HCH_Clipping_Cutting', 'CZ_Calot_Triangle_Dissection', 'CA_Capsule_Polishing', 'HC_Retroperitoneal_preparation_of_duodenum_and_pancreatic_head', 'HC_Finalization_of_operation', 'GR_Ligation_of_the_deep_dorsal_venous_complex', 'GR_Severing_of_the_prostate_from_the_urethra', 'GR_Bladder_neck_identification_and_transection', 'HCH_Galbladder_Dissection', 'CZ_Clipping_Cutting', 'GR_Idle', 'CA_Viscous_agent_injection', 'HCH_Calot_Triangle_Dissection', 'CA_Incision', 'GR_Seminal_vesicle_dissection'}","{'CZ_Calot_Triangle_Dissection', 'CZ_Gallbladder_Packaging', 'CZ_Gallbladder_Retraction', 'M2_Gallbladder_Retraction', 'CZ_Trocar_Placement', 'CZ_Preparation', 'M2_Trocar_Placement', 'M2_Gallbladder_Dissection', 'M2_Gallbladder_Packaging', 'CZ_Clipping_Cutting', 'M2_Preparation', 'M2_Clipping_Cutting', 'M2_Cleaning_Coagulation', 'CZ_Gallbladder_Dissection', 'CZ_Cleaning_Coagulation', 'M2_Calot_Triangle_Dissection'}",1718285469,checkpoint_000058,True,False,59,0b53e_00015,2024-06-13_15-31-10,188.33715963363647,11124.94528055191,130616,fb-OMEN-by-HP-45L-Gaming-Desktop-GT22-0xxx,129.69.82.151,11124.94528055191,59
57.00000120699406,5.40544319152832,4.4479478809311646,0.764,3.2354271,"{'LH_Washing', 'HCH_Galbladder_Packaging', 'CA_Irrigation_and_aspiration', 'HC_Dissection_of_lymph_nodes_and_blood_vessels_en_bloc', 'GR_Development_of_the_plane_between_the_prostate_and_rectum', 'CA_Phacoemulsificiation', 'GR_Left_pelvic_isolated_lymphadenectomy', 'HCH_Cleaning_Coagulation', 'CA_Lens_implant_setting-up', 'HC_General_preparation_and_orientation_in_the_abdomen', 'CA_Viscous_agent_removal', 'LH_Dividing_Ligament_and_Peritoneum', 'LH_Suturing', 'HC_Mobilization_of_sigmoid_colon_and_descending_colon', 'HCH_Preparation', 'HCH_Galbladder_Retraction', 'HC_Mobilization_of_splenic_flexure', 'HC_Mobilization_of_ascending_colon', 'HC_Mobilization_of_transverse_colon', 'LH_Transecting_the_Vagina', 'LH_Dividing_Uterine_Vessels_and_Ligament', 'HC_Intra-abdominal_preparation_of_anastomosis', 'CZ_Gallbladder_Packaging', 'CA_Hydrodissection', 'CZ_Preparation', 'LH_Specimen_Removal', 'CZ_Gallbladder_Dissection', 'CA_Rhexis', 'GR_Prostatic_pedicle_control', 'CZ_Cleaning_Coagulation', 'HCH_Clipping_Cutting', 'CZ_Calot_Triangle_Dissection', 'CA_Capsule_Polishing', 'HC_Retroperitoneal_preparation_of_duodenum_and_pancreatic_head', 'GR_Ligation_of_the_deep_dorsal_venous_complex', 'GR_Severing_of_the_prostate_from_the_urethra', 'GR_Bladder_neck_identification_and_transection', 'HCH_Galbladder_Dissection', 'CZ_Clipping_Cutting', 'GR_Idle', 'CA_Viscous_agent_injection', 'HCH_Calot_Triangle_Dissection', 'CA_Incision', 'GR_Seminal_vesicle_dissection', 'GR_Developing_the_Space_of_Retzius'}","{'CZ_Calot_Triangle_Dissection', 'CZ_Gallbladder_Packaging', 'CZ_Gallbladder_Retraction', 'M2_Gallbladder_Retraction', 'CZ_Trocar_Placement', 'CZ_Preparation', 'M2_Trocar_Placement', 'M2_Gallbladder_Dissection', 'M2_Gallbladder_Packaging', 'CZ_Clipping_Cutting', 'M2_Preparation', 'M2_Clipping_Cutting', 'M2_Cleaning_Coagulation', 'CZ_Gallbladder_Dissection', 'CZ_Cleaning_Coagulation', 'M2_Calot_Triangle_Dissection'}",1718285657,checkpoint_000059,True,False,60,0b53e_00015,2024-06-13_15-34-18,188.34073972702026,11313.28602027893,130616,fb-OMEN-by-HP-45L-Gaming-Desktop-GT22-0xxx,129.69.82.151,11313.28602027893,60
73.60000118613243,3.749316930770874,3.713876698723218,0.70000005,3.961955,"{'LH_Washing', 'HC_Exception', 'HCH_Galbladder_Packaging', 'CA_Irrigation_and_aspiration', 'HC_Dissection_of_lymph_nodes_and_blood_vessels_en_bloc', 'HC_Dissection_and_resection_of_the_rectum', 'GR_Development_of_the_plane_between_the_prostate_and_rectum', 'CA_Phacoemulsificiation', 'GR_Left_pelvic_isolated_lymphadenectomy', 'HC_Extra-abdominal_preparation_of_anastomosis', 'HCH_Cleaning_Coagulation', 'GR_Right_pelvic_isolated_lymphadenectomy', 'CA_Lens_implant_setting-up', 'LH_Dividing_Ligament_and_Peritoneum', 'CZ_Gallbladder_Retraction', 'LH_Suturing', 'HC_Mobilization_of_sigmoid_colon_and_descending_colon', 'HCH_Preparation', 'HCH_Galbladder_Retraction', 'HC_Mobilization_of_splenic_flexure', 'HC_Mobilization_of_ascending_colon', 'HC_Mobilization_of_transverse_colon', 'LH_Transecting_the_Vagina', 'LH_Dividing_Uterine_Vessels_and_Ligament', 'HC_Intra-abdominal_preparation_of_anastomosis', 'CZ_Gallbladder_Packaging', 'GR_Bladder_neck_reconstruction', 'CA_Hydrodissection', 'CZ_Preparation', 'CA_Tonifying_and_antibiotics', 'LH_Specimen_Removal', 'CZ_Gallbladder_Dissection', 'CA_Rhexis', 'LH_Preparation', 'GR_Prostatic_pedicle_control', 'CZ_Cleaning_Coagulation', 'HCH_Clipping_Cutting', 'CZ_Calot_Triangle_Dissection', 'HC_Retroperitoneal_preparation_of_duodenum_and_pancreatic_head', 'HC_Finalization_of_operation', 'GR_Ligation_of_the_deep_dorsal_venous_complex', 'GR_Severing_of_the_prostate_from_the_urethra', 'GR_Bladder_neck_identification_and_transection', 'HCH_Galbladder_Dissection', 'CZ_Clipping_Cutting', 'GR_Idle', 'HCH_Calot_Triangle_Dissection', 'CA_Incision'}","{'CZ_Calot_Triangle_Dissection', 'CZ_Gallbladder_Packaging', 'CZ_Gallbladder_Retraction', 'M2_Gallbladder_Retraction', 'CZ_Trocar_Placement', 'CZ_Preparation', 'M2_Trocar_Placement', 'M2_Gallbladder_Dissection', 'M2_Gallbladder_Packaging', 'CZ_Clipping_Cutting', 'M2_Preparation', 'M2_Clipping_Cutting', 'M2_Cleaning_Coagulation', 'CZ_Gallbladder_Dissection', 'CZ_Cleaning_Coagulation', 'M2_Calot_Triangle_Dissection'}",1718285847,checkpoint_000060,True,False,61,0b53e_00015,2024-06-13_15-37-27,189.16855812072754,11502.454578399658,130616,fb-OMEN-by-HP-45L-Gaming-Desktop-GT22-0xxx,129.69.82.151,11502.454578399658,61
72.0000011920929,4.673607349395752,4.073783434201298,0.70000017,4.0807533,"{'LH_Washing', 'HC_Exception', 'HCH_Galbladder_Packaging', 'HC_Creation_of_stoma', 'CA_Irrigation_and_aspiration', 'HC_Dissection_of_lymph_nodes_and_blood_vessels_en_bloc', 'HC_Dissection_and_resection_of_the_rectum', 'GR_Development_of_the_plane_between_the_prostate_and_rectum', 'CA_Phacoemulsificiation', 'GR_Left_pelvic_isolated_lymphadenectomy', 'HC_Extra-abdominal_preparation_of_anastomosis', 'HCH_Cleaning_Coagulation', 'GR_Right_pelvic_isolated_lymphadenectomy', 'CA_Lens_implant_setting-up', 'HC_General_preparation_and_orientation_in_the_abdomen', 'CA_Viscous_agent_removal', 'CZ_Gallbladder_Retraction', 'LH_Suturing', 'HCH_Preparation', 'HCH_Galbladder_Retraction', 'HC_Mobilization_of_splenic_flexure', 'HC_Mobilization_of_ascending_colon', 'HC_Mobilization_of_transverse_colon', 'LH_Transecting_the_Vagina', 'LH_Dividing_Uterine_Vessels_and_Ligament', 'CA_Hydrodissection', 'CZ_Preparation', 'CA_Tonifying_and_antibiotics', 'LH_Specimen_Removal', 'CZ_Gallbladder_Dissection', 'CA_Rhexis', 'LH_Preparation', 'GR_Prostatic_pedicle_control', 'CZ_Cleaning_Coagulation', 'HCH_Clipping_Cutting', 'CZ_Calot_Triangle_Dissection', 'CA_Capsule_Polishing', 'HC_Retroperitoneal_preparation_of_duodenum_and_pancreatic_head', 'GR_Severing_of_the_prostate_from_the_urethra', 'GR_Bladder_neck_identification_and_transection', 'HCH_Galbladder_Dissection', 'CZ_Clipping_Cutting', 'GR_Idle', 'CA_Viscous_agent_injection', 'HC_Finalization_of_operation', 'CA_Incision', 'GR_Seminal_vesicle_dissection', 'GR_Developing_the_Space_of_Retzius'}","{'CZ_Calot_Triangle_Dissection', 'CZ_Gallbladder_Packaging', 'CZ_Gallbladder_Retraction', 'M2_Gallbladder_Retraction', 'CZ_Trocar_Placement', 'CZ_Preparation', 'M2_Trocar_Placement', 'M2_Gallbladder_Dissection', 'M2_Gallbladder_Packaging', 'CZ_Clipping_Cutting', 'M2_Preparation', 'M2_Clipping_Cutting', 'M2_Cleaning_Coagulation', 'CZ_Gallbladder_Dissection', 'CZ_Cleaning_Coagulation', 'M2_Calot_Triangle_Dissection'}",1718286035,checkpoint_000061,True,False,62,0b53e_00015,2024-06-13_15-40-35,188.169171333313,11690.623749732971,130616,fb-OMEN-by-HP-45L-Gaming-Desktop-GT22-0xxx,129.69.82.151,11690.623749732971,62
61.20000125467777,5.156976222991943,3.99070632731427,0.72200006,4.599224,"{'LH_Washing', 'HC_Exception', 'CA_Irrigation_and_aspiration', 'HC_Dissection_of_lymph_nodes_and_blood_vessels_en_bloc', 'HC_Dissection_and_resection_of_the_rectum', 'GR_Development_of_the_plane_between_the_prostate_and_rectum', 'CA_Phacoemulsificiation', 'GR_Left_pelvic_isolated_lymphadenectomy', 'HC_Extra-abdominal_preparation_of_anastomosis', 'HCH_Cleaning_Coagulation', 'GR_Right_pelvic_isolated_lymphadenectomy', 'CA_Lens_implant_setting-up', 'HC_General_preparation_and_orientation_in_the_abdomen', 'CA_Viscous_agent_removal', 'LH_Dividing_Ligament_and_Peritoneum', 'CZ_Gallbladder_Retraction', 'LH_Suturing', 'HC_Mobilization_of_sigmoid_colon_and_descending_colon', 'HCH_Preparation', 'HCH_Galbladder_Retraction', 'HC_Mobilization_of_splenic_flexure', 'HC_Mobilization_of_ascending_colon', 'HC_Mobilization_of_transverse_colon', 'LH_Transecting_the_Vagina', 'LH_Dividing_Uterine_Vessels_and_Ligament', 'CZ_Gallbladder_Packaging', 'GR_Bladder_neck_reconstruction', 'CA_Hydrodissection', 'CZ_Preparation', 'CA_Tonifying_and_antibiotics', 'CZ_Gallbladder_Dissection', 'CA_Rhexis', 'LH_Preparation', 'GR_Prostatic_pedicle_control', 'CZ_Cleaning_Coagulation', 'HCH_Clipping_Cutting', 'CZ_Calot_Triangle_Dissection', 'CA_Capsule_Polishing', 'HC_Retroperitoneal_preparation_of_duodenum_and_pancreatic_head', 'GR_Ligation_of_the_deep_dorsal_venous_complex', 'GR_Severing_of_the_prostate_from_the_urethra', 'GR_Bladder_neck_identification_and_transection', 'HCH_Galbladder_Dissection', 'CZ_Clipping_Cutting', 'GR_Idle', 'CA_Viscous_agent_injection', 'HCH_Calot_Triangle_Dissection', 'GR_Seminal_vesicle_dissection', 'GR_Developing_the_Space_of_Retzius'}","{'CZ_Calot_Triangle_Dissection', 'CZ_Gallbladder_Packaging', 'CZ_Gallbladder_Retraction', 'M2_Gallbladder_Retraction', 'CZ_Trocar_Placement', 'CZ_Preparation', 'M2_Trocar_Placement', 'M2_Gallbladder_Dissection', 'M2_Gallbladder_Packaging', 'CZ_Clipping_Cutting', 'M2_Preparation', 'M2_Clipping_Cutting', 'M2_Cleaning_Coagulation', 'CZ_Gallbladder_Dissection', 'CZ_Cleaning_Coagulation', 'M2_Calot_Triangle_Dissection'}",1718286223,checkpoint_000062,True,False,63,0b53e_00015,2024-06-13_15-43-43,187.92101430892944,11878.5447640419,130616,fb-OMEN-by-HP-45L-Gaming-Desktop-GT22-0xxx,129.69.82.151,11878.5447640419,63
63.20000134408475,4.740421295166016,4.175122048830543,0.69,4.1216116,"{'LH_Washing', 'HC_Exception', 'HCH_Galbladder_Packaging', 'HC_Creation_of_stoma', 'CA_Irrigation_and_aspiration', 'HC_Dissection_and_resection_of_the_rectum', 'CA_Phacoemulsificiation', 'GR_Left_pelvic_isolated_lymphadenectomy', 'HC_Extra-abdominal_preparation_of_anastomosis', 'HCH_Cleaning_Coagulation', 'GR_Right_pelvic_isolated_lymphadenectomy', 'HC_General_preparation_and_orientation_in_the_abdomen', 'CA_Viscous_agent_removal', 'LH_Dividing_Ligament_and_Peritoneum', 'LH_Suturing', 'HC_Mobilization_of_sigmoid_colon_and_descending_colon', 'HCH_Preparation', 'HCH_Galbladder_Retraction', 'HC_Mobilization_of_ascending_colon', 'HC_Mobilization_of_transverse_colon', 'LH_Transecting_the_Vagina', 'LH_Dividing_Uterine_Vessels_and_Ligament', 'HC_Intra-abdominal_preparation_of_anastomosis', 'CZ_Gallbladder_Packaging', 'GR_Bladder_neck_reconstruction', 'CA_Hydrodissection', 'CZ_Preparation', 'CZ_Gallbladder_Dissection', 'CA_Rhexis', 'LH_Preparation', 'GR_Prostatic_pedicle_control', 'CZ_Cleaning_Coagulation', 'HCH_Clipping_Cutting', 'CZ_Calot_Triangle_Dissection', 'CA_Capsule_Polishing', 'HC_Retroperitoneal_preparation_of_duodenum_and_pancreatic_head', 'HC_Finalization_of_operation', 'GR_Ligation_of_the_deep_dorsal_venous_complex', 'GR_Severing_of_the_prostate_from_the_urethra', 'HCH_Galbladder_Dissection', 'CZ_Clipping_Cutting', 'GR_Idle', 'HCH_Calot_Triangle_Dissection', 'CA_Incision', 'GR_Seminal_vesicle_dissection', 'GR_Developing_the_Space_of_Retzius'}","{'CZ_Calot_Triangle_Dissection', 'CZ_Gallbladder_Packaging', 'CZ_Gallbladder_Retraction', 'M2_Gallbladder_Retraction', 'CZ_Trocar_Placement', 'CZ_Preparation', 'M2_Trocar_Placement', 'M2_Gallbladder_Dissection', 'M2_Gallbladder_Packaging', 'CZ_Clipping_Cutting', 'M2_Preparation', 'M2_Clipping_Cutting', 'CZ_Gallbladder_Dissection', 'CZ_Cleaning_Coagulation', 'M2_Calot_Triangle_Dissection'}",1718286411,checkpoint_000063,True,False,64,0b53e_00015,2024-06-13_15-46-51,188.11324453353882,12066.65800857544,130616,fb-OMEN-by-HP-45L-Gaming-Desktop-GT22-0xxx,129.69.82.151,12066.65800857544,64
60.20000147819518,6.065084934234619,3.78010788123037,0.714,3.7515128,"{'LH_Washing', 'HC_Exception', 'HCH_Galbladder_Packaging', 'HC_Creation_of_stoma', 'CA_Irrigation_and_aspiration', 'HC_Dissection_of_lymph_nodes_and_blood_vessels_en_bloc', 'HC_Dissection_and_resection_of_the_rectum', 'GR_Left_pelvic_isolated_lymphadenectomy', 'HC_Extra-abdominal_preparation_of_anastomosis', 'GR_Right_pelvic_isolated_lymphadenectomy', 'CA_Lens_implant_setting-up', 'HC_General_preparation_and_orientation_in_the_abdomen', 'LH_Dividing_Ligament_and_Peritoneum', 'CZ_Gallbladder_Retraction', 'LH_Suturing', 'HCH_Preparation', 'HCH_Galbladder_Retraction', 'HC_Mobilization_of_splenic_flexure', 'HC_Retroperitoneal_preparation_towards_lower_pancreatic_border', 'HC_Mobilization_of_transverse_colon', 'LH_Transecting_the_Vagina', 'LH_Dividing_Uterine_Vessels_and_Ligament', 'HC_Intra-abdominal_preparation_of_anastomosis', 'CZ_Gallbladder_Packaging', 'GR_Bladder_neck_reconstruction', 'CA_Hydrodissection', 'CZ_Preparation', 'CA_Tonifying_and_antibiotics', 'LH_Specimen_Removal', 'CZ_Gallbladder_Dissection', 'CA_Rhexis', 'LH_Preparation', 'GR_Prostatic_pedicle_control', 'CZ_Cleaning_Coagulation', 'HCH_Clipping_Cutting', 'GR_Ligation_of_the_deep_dorsal_venous_complex', 'GR_Severing_of_the_prostate_from_the_urethra', 'GR_Bladder_neck_identification_and_transection', 'HCH_Galbladder_Dissection', 'CZ_Clipping_Cutting', 'GR_Idle', 'CA_Viscous_agent_injection', 'HCH_Calot_Triangle_Dissection', 'CA_Incision', 'GR_Seminal_vesicle_dissection', 'GR_Developing_the_Space_of_Retzius'}","{'CZ_Calot_Triangle_Dissection', 'CZ_Gallbladder_Packaging', 'CZ_Gallbladder_Retraction', 'M2_Gallbladder_Retraction', 'CZ_Trocar_Placement', 'CZ_Preparation', 'M2_Trocar_Placement', 'M2_Gallbladder_Dissection', 'M2_Gallbladder_Packaging', 'CZ_Clipping_Cutting', 'M2_Preparation', 'M2_Clipping_Cutting', 'M2_Cleaning_Coagulation', 'CZ_Gallbladder_Dissection', 'CZ_Cleaning_Coagulation', 'M2_Calot_Triangle_Dissection'}",1718286600,checkpoint_000064,True,False,65,0b53e_00015,2024-06-13_15-50-00,188.7261118888855,12255.384120464325,130616,fb-OMEN-by-HP-45L-Gaming-Desktop-GT22-0xxx,129.69.82.151,12255.384120464325,65
58.20000131428241,6.2718024253845215,3.962691579270479,0.72,3.6017144,"{'LH_Washing', 'HC_Exception', 'HCH_Galbladder_Packaging', 'HC_Creation_of_stoma', 'CA_Irrigation_and_aspiration', 'HC_Dissection_and_resection_of_the_rectum', 'GR_Development_of_the_plane_between_the_prostate_and_rectum', 'CA_Phacoemulsificiation', 'GR_Left_pelvic_isolated_lymphadenectomy', 'HCH_Cleaning_Coagulation', 'GR_Right_pelvic_isolated_lymphadenectomy', 'HC_General_preparation_and_orientation_in_the_abdomen', 'CA_Viscous_agent_removal', 'LH_Dividing_Ligament_and_Peritoneum', 'CZ_Gallbladder_Retraction', 'LH_Suturing', 'HCH_Preparation', 'HCH_Galbladder_Retraction', 'HC_Retroperitoneal_preparation_towards_lower_pancreatic_border', 'HC_Mobilization_of_transverse_colon', 'LH_Transecting_the_Vagina', 'LH_Dividing_Uterine_Vessels_and_Ligament', 'HC_Intra-abdominal_preparation_of_anastomosis', 'CZ_Gallbladder_Packaging', 'CZ_Preparation', 'CA_Tonifying_and_antibiotics', 'LH_Specimen_Removal', 'CZ_Gallbladder_Dissection', 'CA_Rhexis', 'LH_Preparation', 'GR_Prostatic_pedicle_control', 'CZ_Cleaning_Coagulation', 'HCH_Clipping_Cutting', 'CZ_Calot_Triangle_Dissection', 'CA_Capsule_Polishing', 'HC_Retroperitoneal_preparation_of_duodenum_and_pancreatic_head', 'GR_Severing_of_the_prostate_from_the_urethra', 'HCH_Galbladder_Dissection', 'CZ_Clipping_Cutting', 'GR_Idle', 'HC_Finalization_of_operation', 'GR_Seminal_vesicle_dissection'}","{'CZ_Calot_Triangle_Dissection', 'CZ_Gallbladder_Packaging', 'CZ_Gallbladder_Retraction', 'M2_Gallbladder_Retraction', 'CZ_Trocar_Placement', 'CZ_Preparation', 'M2_Trocar_Placement', 'M2_Gallbladder_Dissection', 'M2_Gallbladder_Packaging', 'CZ_Clipping_Cutting', 'M2_Preparation', 'M2_Clipping_Cutting', 'M2_Cleaning_Coagulation', 'CZ_Gallbladder_Dissection', 'CZ_Cleaning_Coagulation', 'M2_Calot_Triangle_Dissection'}",1718286788,checkpoint_000065,True,False,66,0b53e_00015,2024-06-13_15-53-08,188.0857698917389,12443.469890356064,130616,fb-OMEN-by-HP-45L-Gaming-Desktop-GT22-0xxx,129.69.82.151,12443.469890356064,66
70.80000124871731,4.527511119842529,3.8175245110471545,0.69600004,3.8539963,"{'LH_Washing', 'HC_Exception', 'HCH_Galbladder_Packaging', 'CA_Irrigation_and_aspiration', 'HC_Dissection_of_lymph_nodes_and_blood_vessels_en_bloc', 'GR_Left_pelvic_isolated_lymphadenectomy', 'HC_Extra-abdominal_preparation_of_anastomosis', 'HCH_Cleaning_Coagulation', 'GR_Right_pelvic_isolated_lymphadenectomy', 'CA_Lens_implant_setting-up', 'CA_Viscous_agent_removal', 'LH_Dividing_Ligament_and_Peritoneum', 'CZ_Gallbladder_Retraction', 'LH_Suturing', 'HC_Mobilization_of_sigmoid_colon_and_descending_colon', 'HCH_Galbladder_Retraction', 'HC_Mobilization_of_splenic_flexure', 'HC_Mobilization_of_ascending_colon', 'HC_Retroperitoneal_preparation_towards_lower_pancreatic_border', 'HC_Mobilization_of_transverse_colon', 'LH_Transecting_the_Vagina', 'GR_Bladder_neck_reconstruction', 'CA_Hydrodissection', 'CZ_Preparation', 'CA_Tonifying_and_antibiotics', 'LH_Specimen_Removal', 'CZ_Gallbladder_Dissection', 'LH_Preparation', 'CZ_Cleaning_Coagulation', 'CZ_Calot_Triangle_Dissection', 'CA_Capsule_Polishing', 'GR_Ligation_of_the_deep_dorsal_venous_complex', 'GR_Severing_of_the_prostate_from_the_urethra', 'HCH_Galbladder_Dissection', 'CZ_Clipping_Cutting', 'GR_Idle', 'CA_Viscous_agent_injection', 'HCH_Calot_Triangle_Dissection', 'CA_Incision', 'GR_Seminal_vesicle_dissection', 'GR_Developing_the_Space_of_Retzius'}","{'CZ_Calot_Triangle_Dissection', 'CZ_Gallbladder_Packaging', 'CZ_Gallbladder_Retraction', 'M2_Gallbladder_Retraction', 'CZ_Trocar_Placement', 'CZ_Preparation', 'M2_Trocar_Placement', 'M2_Gallbladder_Dissection', 'M2_Gallbladder_Packaging', 'CZ_Clipping_Cutting', 'M2_Preparation', 'M2_Clipping_Cutting', 'M2_Cleaning_Coagulation', 'CZ_Gallbladder_Dissection', 'CZ_Cleaning_Coagulation', 'M2_Calot_Triangle_Dissection'}",1718286976,checkpoint_000066,True,False,67,0b53e_00015,2024-06-13_15-56-17,188.55453872680664,12632.02442908287,130616,fb-OMEN-by-HP-45L-Gaming-Desktop-GT22-0xxx,129.69.82.151,12632.02442908287,67
66.80000133812428,4.602478981018066,4.082073472686331,0.7040002,4.066843,"{'LH_Washing', 'HCH_Galbladder_Packaging', 'HC_Creation_of_stoma', 'CA_Irrigation_and_aspiration', 'HC_Dissection_of_lymph_nodes_and_blood_vessels_en_bloc', 'HC_Dissection_and_resection_of_the_rectum', 'GR_Development_of_the_plane_between_the_prostate_and_rectum', 'HC_Extra-abdominal_preparation_of_anastomosis', 'HCH_Cleaning_Coagulation', 'GR_Right_pelvic_isolated_lymphadenectomy', 'CA_Lens_implant_setting-up', 'LH_Dividing_Ligament_and_Peritoneum', 'CZ_Gallbladder_Retraction', 'HCH_Preparation', 'HCH_Galbladder_Retraction', 'HC_Mobilization_of_ascending_colon', 'HC_Retroperitoneal_preparation_towards_lower_pancreatic_border', 'HC_Mobilization_of_transverse_colon', 'LH_Transecting_the_Vagina', 'HC_Intra-abdominal_preparation_of_anastomosis', 'CZ_Gallbladder_Packaging', 'GR_Bladder_neck_reconstruction', 'CZ_Preparation', 'CA_Tonifying_and_antibiotics', 'LH_Specimen_Removal', 'CZ_Gallbladder_Dissection', 'CA_Rhexis', 'LH_Preparation', 'GR_Prostatic_pedicle_control', 'CZ_Cleaning_Coagulation', 'HCH_Clipping_Cutting', 'CZ_Calot_Triangle_Dissection', 'HC_Retroperitoneal_preparation_of_duodenum_and_pancreatic_head', 'GR_Severing_of_the_prostate_from_the_urethra', 'GR_Bladder_neck_identification_and_transection', 'HCH_Galbladder_Dissection', 'CZ_Clipping_Cutting', 'CA_Viscous_agent_injection', 'HCH_Calot_Triangle_Dissection', 'CA_Incision', 'GR_Seminal_vesicle_dissection', 'GR_Developing_the_Space_of_Retzius'}","{'CZ_Calot_Triangle_Dissection', 'CZ_Gallbladder_Packaging', 'CZ_Gallbladder_Retraction', 'M2_Gallbladder_Retraction', 'CZ_Trocar_Placement', 'CZ_Preparation', 'M2_Trocar_Placement', 'M2_Gallbladder_Dissection', 'M2_Gallbladder_Packaging', 'CZ_Clipping_Cutting', 'M2_Preparation', 'M2_Clipping_Cutting', 'M2_Cleaning_Coagulation', 'CZ_Gallbladder_Dissection', 'CZ_Cleaning_Coagulation', 'M2_Calot_Triangle_Dissection'}",1718287165,checkpoint_000067,True,False,68,0b53e_00015,2024-06-13_15-59-25,188.26787161827087,12820.292300701141,130616,fb-OMEN-by-HP-45L-Gaming-Desktop-GT22-0xxx,129.69.82.151,12820.292300701141,68
64.4000014513731,5.0502424240112305,3.74272761943471,0.70000005,3.7056427,"{'LH_Washing', 'HC_Exception', 'HCH_Galbladder_Packaging', 'HC_Creation_of_stoma', 'CA_Irrigation_and_aspiration', 'HC_Dissection_of_lymph_nodes_and_blood_vessels_en_bloc', 'HC_Dissection_and_resection_of_the_rectum', 'GR_Development_of_the_plane_between_the_prostate_and_rectum', 'CA_Phacoemulsificiation', 'GR_Left_pelvic_isolated_lymphadenectomy', 'HC_Extra-abdominal_preparation_of_anastomosis', 'HCH_Cleaning_Coagulation', 'CA_Lens_implant_setting-up', 'CA_Viscous_agent_removal', 'LH_Dividing_Ligament_and_Peritoneum', 'CZ_Gallbladder_Retraction', 'LH_Suturing', 'HC_Mobilization_of_sigmoid_colon_and_descending_colon', 'HCH_Preparation', 'HCH_Galbladder_Retraction', 'HC_Mobilization_of_splenic_flexure', 'HC_Mobilization_of_ascending_colon', 'HC_Retroperitoneal_preparation_towards_lower_pancreatic_border', 'LH_Transecting_the_Vagina', 'LH_Dividing_Uterine_Vessels_and_Ligament', 'HC_Intra-abdominal_preparation_of_anastomosis', 'CZ_Gallbladder_Packaging', 'GR_Bladder_neck_reconstruction', 'CA_Hydrodissection', 'CA_Tonifying_and_antibiotics', 'LH_Specimen_Removal', 'CZ_Gallbladder_Dissection', 'GR_Prostatic_pedicle_control', 'LH_Preparation', 'CZ_Cleaning_Coagulation', 'CZ_Calot_Triangle_Dissection', 'CA_Capsule_Polishing', 'HC_Retroperitoneal_preparation_of_duodenum_and_pancreatic_head', 'GR_Severing_of_the_prostate_from_the_urethra', 'HCH_Galbladder_Dissection', 'CZ_Clipping_Cutting', 'CA_Viscous_agent_injection', 'HC_Finalization_of_operation', 'CA_Incision', 'GR_Seminal_vesicle_dissection'}","{'CZ_Calot_Triangle_Dissection', 'CZ_Gallbladder_Packaging', 'CZ_Gallbladder_Retraction', 'M2_Gallbladder_Retraction', 'CZ_Trocar_Placement', 'CZ_Preparation', 'M2_Trocar_Placement', 'M2_Gallbladder_Dissection', 'M2_Gallbladder_Packaging', 'CZ_Clipping_Cutting', 'M2_Preparation', 'M2_Clipping_Cutting', 'M2_Cleaning_Coagulation', 'CZ_Gallbladder_Dissection', 'CZ_Cleaning_Coagulation', 'M2_Calot_Triangle_Dissection'}",1718287353,checkpoint_000068,True,False,69,0b53e_00015,2024-06-13_16-02-34,188.4032142162323,13008.695514917374,130616,fb-OMEN-by-HP-45L-Gaming-Desktop-GT22-0xxx,129.69.82.151,13008.695514917374,69
73.40000124275684,4.041849136352539,3.7211103635264253,0.768,3.2533588,"{'LH_Washing', 'HCH_Galbladder_Packaging', 'CA_Irrigation_and_aspiration', 'HC_Dissection_of_lymph_nodes_and_blood_vessels_en_bloc', 'CA_Phacoemulsificiation', 'GR_Left_pelvic_isolated_lymphadenectomy', 'HC_Extra-abdominal_preparation_of_anastomosis', 'GR_Right_pelvic_isolated_lymphadenectomy', 'CA_Lens_implant_setting-up', 'HC_General_preparation_and_orientation_in_the_abdomen', 'CA_Viscous_agent_removal', 'LH_Dividing_Ligament_and_Peritoneum', 'CZ_Gallbladder_Retraction', 'LH_Suturing', 'HCH_Preparation', 'HCH_Galbladder_Retraction', 'HC_Mobilization_of_splenic_flexure', 'HC_Mobilization_of_ascending_colon', 'HC_Mobilization_of_transverse_colon', 'LH_Transecting_the_Vagina', 'LH_Dividing_Uterine_Vessels_and_Ligament', 'HC_Intra-abdominal_preparation_of_anastomosis', 'CZ_Gallbladder_Packaging', 'GR_Bladder_neck_reconstruction', 'CA_Hydrodissection', 'CZ_Preparation', 'CA_Tonifying_and_antibiotics', 'LH_Specimen_Removal', 'CZ_Gallbladder_Dissection', 'LH_Preparation', 'CZ_Cleaning_Coagulation', 'HCH_Clipping_Cutting', 'CZ_Calot_Triangle_Dissection', 'CA_Capsule_Polishing', 'HC_Retroperitoneal_preparation_of_duodenum_and_pancreatic_head', 'GR_Severing_of_the_prostate_from_the_urethra', 'GR_Bladder_neck_identification_and_transection', 'HCH_Galbladder_Dissection', 'CZ_Clipping_Cutting', 'GR_Idle', 'HCH_Calot_Triangle_Dissection', 'CA_Incision', 'GR_Seminal_vesicle_dissection', 'GR_Developing_the_Space_of_Retzius'}","{'CZ_Calot_Triangle_Dissection', 'CZ_Gallbladder_Packaging', 'CZ_Gallbladder_Retraction', 'M2_Gallbladder_Retraction', 'CZ_Trocar_Placement', 'CZ_Preparation', 'M2_Trocar_Placement', 'M2_Gallbladder_Dissection', 'M2_Gallbladder_Packaging', 'CZ_Clipping_Cutting', 'M2_Preparation', 'M2_Clipping_Cutting', 'M2_Cleaning_Coagulation', 'CZ_Gallbladder_Dissection', 'CZ_Cleaning_Coagulation', 'M2_Calot_Triangle_Dissection'}",1718287541,checkpoint_000069,True,False,70,0b53e_00015,2024-06-13_16-05-42,188.0335636138916,13196.729078531265,130616,fb-OMEN-by-HP-45L-Gaming-Desktop-GT22-0xxx,129.69.82.151,13196.729078531265,70
58.80000138282776,19.725784301757812,3.752568352901654,0.702,3.660059,"{'HC_Exception', 'HCH_Galbladder_Packaging', 'HC_Creation_of_stoma', 'CA_Irrigation_and_aspiration', 'HC_Dissection_of_lymph_nodes_and_blood_vessels_en_bloc', 'HC_Dissection_and_resection_of_the_rectum', 'CA_Phacoemulsificiation', 'GR_Left_pelvic_isolated_lymphadenectomy', 'HC_Extra-abdominal_preparation_of_anastomosis', 'HCH_Cleaning_Coagulation', 'GR_Right_pelvic_isolated_lymphadenectomy', 'CA_Lens_implant_setting-up', 'HC_General_preparation_and_orientation_in_the_abdomen', 'CA_Viscous_agent_removal', 'LH_Dividing_Ligament_and_Peritoneum', 'CZ_Gallbladder_Retraction', 'LH_Suturing', 'HC_Mobilization_of_sigmoid_colon_and_descending_colon', 'HCH_Preparation', 'HCH_Galbladder_Retraction', 'HC_Mobilization_of_ascending_colon', 'HC_Retroperitoneal_preparation_towards_lower_pancreatic_border', 'LH_Transecting_the_Vagina', 'LH_Dividing_Uterine_Vessels_and_Ligament', 'CZ_Gallbladder_Packaging', 'GR_Bladder_neck_reconstruction', 'CA_Hydrodissection', 'CZ_Preparation', 'LH_Specimen_Removal', 'CZ_Gallbladder_Dissection', 'CA_Rhexis', 'LH_Preparation', 'CZ_Cleaning_Coagulation', 'HCH_Clipping_Cutting', 'CZ_Calot_Triangle_Dissection', 'HC_Finalization_of_operation', 'GR_Ligation_of_the_deep_dorsal_venous_complex', 'GR_Severing_of_the_prostate_from_the_urethra', 'GR_Bladder_neck_identification_and_transection', 'HCH_Galbladder_Dissection', 'CZ_Clipping_Cutting', 'GR_Idle', 'HCH_Calot_Triangle_Dissection', 'CA_Incision', 'GR_Seminal_vesicle_dissection', 'GR_Developing_the_Space_of_Retzius'}","{'CZ_Calot_Triangle_Dissection', 'CZ_Gallbladder_Packaging', 'CZ_Gallbladder_Retraction', 'M2_Gallbladder_Retraction', 'CZ_Trocar_Placement', 'CZ_Preparation', 'M2_Trocar_Placement', 'M2_Gallbladder_Dissection', 'M2_Gallbladder_Packaging', 'CZ_Clipping_Cutting', 'M2_Preparation', 'M2_Clipping_Cutting', 'M2_Cleaning_Coagulation', 'CZ_Gallbladder_Dissection', 'CZ_Cleaning_Coagulation', 'M2_Calot_Triangle_Dissection'}",1718287730,checkpoint_000070,True,False,71,0b53e_00015,2024-06-13_16-08-51,189.0539104938507,13385.782989025116,130616,fb-OMEN-by-HP-45L-Gaming-Desktop-GT22-0xxx,129.69.82.151,13385.782989025116,71
65.60000133514404,5.432077407836914,3.803814146272503,0.7200001,3.732122,"{'LH_Washing', 'HC_Exception', 'HCH_Galbladder_Packaging', 'HC_Creation_of_stoma', 'CA_Irrigation_and_aspiration', 'HC_Dissection_of_lymph_nodes_and_blood_vessels_en_bloc', 'HC_Dissection_and_resection_of_the_rectum', 'CA_Phacoemulsificiation', 'GR_Left_pelvic_isolated_lymphadenectomy', 'HCH_Cleaning_Coagulation', 'GR_Right_pelvic_isolated_lymphadenectomy', 'CA_Lens_implant_setting-up', 'HC_General_preparation_and_orientation_in_the_abdomen', 'CA_Viscous_agent_removal', 'LH_Dividing_Ligament_and_Peritoneum', 'CZ_Gallbladder_Retraction', 'LH_Suturing', 'HCH_Preparation', 'HCH_Galbladder_Retraction', 'HC_Mobilization_of_splenic_flexure', 'HC_Mobilization_of_ascending_colon', 'HC_Retroperitoneal_preparation_towards_lower_pancreatic_border', 'HC_Mobilization_of_transverse_colon', 'LH_Transecting_the_Vagina', 'LH_Dividing_Uterine_Vessels_and_Ligament', 'HC_Intra-abdominal_preparation_of_anastomosis', 'CZ_Gallbladder_Packaging', 'GR_Bladder_neck_reconstruction', 'CA_Hydrodissection', 'CZ_Preparation', 'CA_Tonifying_and_antibiotics', 'LH_Specimen_Removal', 'GR_Prostatic_pedicle_control', 'CA_Rhexis', 'LH_Preparation', 'HCH_Clipping_Cutting', 'CZ_Calot_Triangle_Dissection', 'CA_Capsule_Polishing', 'HC_Retroperitoneal_preparation_of_duodenum_and_pancreatic_head', 'GR_Severing_of_the_prostate_from_the_urethra', 'GR_Bladder_neck_identification_and_transection', 'CZ_Clipping_Cutting', 'HCH_Calot_Triangle_Dissection', 'CA_Incision', 'GR_Seminal_vesicle_dissection'}","{'CZ_Calot_Triangle_Dissection', 'CZ_Gallbladder_Packaging', 'CZ_Gallbladder_Retraction', 'M2_Gallbladder_Retraction', 'CZ_Trocar_Placement', 'CZ_Preparation', 'M2_Trocar_Placement', 'M2_Gallbladder_Dissection', 'CZ_Clipping_Cutting', 'M2_Preparation', 'M2_Clipping_Cutting', 'M2_Cleaning_Coagulation', 'CZ_Gallbladder_Dissection', 'CZ_Cleaning_Coagulation', 'M2_Gallbladder_Packaging'}",1718287919,checkpoint_000071,True,False,72,0b53e_00015,2024-06-13_16-11-59,188.5379867553711,13574.320975780487,130616,fb-OMEN-by-HP-45L-Gaming-Desktop-GT22-0xxx,129.69.82.151,13574.320975780487,72
72.20000134408474,3.8857085704803467,3.5015496485496,0.7520001,3.3916433,"{'LH_Washing', 'HC_Exception', 'HCH_Galbladder_Packaging', 'HC_Creation_of_stoma', 'CA_Irrigation_and_aspiration', 'HC_Dissection_of_lymph_nodes_and_blood_vessels_en_bloc', 'HC_Dissection_and_resection_of_the_rectum', 'GR_Development_of_the_plane_between_the_prostate_and_rectum', 'CA_Phacoemulsificiation', 'GR_Left_pelvic_isolated_lymphadenectomy', 'HCH_Cleaning_Coagulation', 'CA_Lens_implant_setting-up', 'CA_Viscous_agent_removal', 'CZ_Gallbladder_Retraction', 'LH_Suturing', 'HC_Mobilization_of_sigmoid_colon_and_descending_colon', 'HCH_Preparation', 'HCH_Galbladder_Retraction', 'HC_Mobilization_of_splenic_flexure', 'HC_Retroperitoneal_preparation_towards_lower_pancreatic_border', 'HC_Mobilization_of_transverse_colon', 'LH_Transecting_the_Vagina', 'LH_Dividing_Uterine_Vessels_and_Ligament', 'HC_Intra-abdominal_preparation_of_anastomosis', 'CZ_Gallbladder_Packaging', 'GR_Bladder_neck_reconstruction', 'CZ_Preparation', 'CA_Tonifying_and_antibiotics', 'LH_Specimen_Removal', 'CZ_Gallbladder_Dissection', 'CA_Rhexis', 'LH_Preparation', 'GR_Prostatic_pedicle_control', 'CZ_Cleaning_Coagulation', 'HCH_Clipping_Cutting', 'CZ_Calot_Triangle_Dissection', 'CA_Capsule_Polishing', 'HC_Retroperitoneal_preparation_of_duodenum_and_pancreatic_head', 'GR_Ligation_of_the_deep_dorsal_venous_complex', 'GR_Severing_of_the_prostate_from_the_urethra', 'HCH_Galbladder_Dissection', 'CZ_Clipping_Cutting', 'GR_Idle', 'CA_Viscous_agent_injection', 'HCH_Calot_Triangle_Dissection', 'CA_Incision', 'GR_Seminal_vesicle_dissection', 'GR_Developing_the_Space_of_Retzius'}","{'CZ_Calot_Triangle_Dissection', 'CZ_Gallbladder_Packaging', 'CZ_Gallbladder_Retraction', 'M2_Gallbladder_Retraction', 'CZ_Trocar_Placement', 'CZ_Preparation', 'M2_Trocar_Placement', 'M2_Gallbladder_Dissection', 'M2_Gallbladder_Packaging', 'CZ_Clipping_Cutting', 'M2_Preparation', 'M2_Clipping_Cutting', 'M2_Cleaning_Coagulation', 'CZ_Gallbladder_Dissection', 'CZ_Cleaning_Coagulation', 'M2_Calot_Triangle_Dissection'}",1718288107,checkpoint_000072,True,False,73,0b53e_00015,2024-06-13_16-15-07,188.29114484786987,13762.612120628357,130616,fb-OMEN-by-HP-45L-Gaming-Desktop-GT22-0xxx,129.69.82.151,13762.612120628357,73
68.40000133216381,5.707605838775635,4.004544258791832,0.77,2.9708035,"{'LH_Washing', 'HCH_Galbladder_Packaging', 'CA_Irrigation_and_aspiration', 'HC_Dissection_of_lymph_nodes_and_blood_vessels_en_bloc', 'HC_Dissection_and_resection_of_the_rectum', 'GR_Left_pelvic_isolated_lymphadenectomy', 'HC_Extra-abdominal_preparation_of_anastomosis', 'HCH_Cleaning_Coagulation', 'GR_Right_pelvic_isolated_lymphadenectomy', 'CA_Lens_implant_setting-up', 'HC_General_preparation_and_orientation_in_the_abdomen', 'CA_Viscous_agent_removal', 'LH_Dividing_Ligament_and_Peritoneum', 'CZ_Gallbladder_Retraction', 'LH_Suturing', 'HC_Mobilization_of_sigmoid_colon_and_descending_colon', 'HCH_Preparation', 'HCH_Galbladder_Retraction', 'HC_Mobilization_of_splenic_flexure', 'HC_Mobilization_of_ascending_colon', 'HC_Retroperitoneal_preparation_towards_lower_pancreatic_border', 'HC_Mobilization_of_transverse_colon', 'LH_Transecting_the_Vagina', 'LH_Dividing_Uterine_Vessels_and_Ligament', 'HC_Intra-abdominal_preparation_of_anastomosis', 'CZ_Gallbladder_Packaging', 'GR_Bladder_neck_reconstruction', 'CA_Hydrodissection', 'CZ_Preparation', 'CA_Tonifying_and_antibiotics', 'LH_Specimen_Removal', 'CZ_Gallbladder_Dissection', 'CA_Rhexis', 'LH_Preparation', 'GR_Prostatic_pedicle_control', 'CZ_Cleaning_Coagulation', 'HCH_Clipping_Cutting', 'CZ_Calot_Triangle_Dissection', 'CA_Capsule_Polishing', 'HC_Finalization_of_operation', 'GR_Ligation_of_the_deep_dorsal_venous_complex', 'GR_Bladder_neck_identification_and_transection', 'HCH_Galbladder_Dissection', 'CZ_Clipping_Cutting', 'GR_Idle', 'CA_Viscous_agent_injection', 'HCH_Calot_Triangle_Dissection', 'CA_Incision', 'GR_Seminal_vesicle_dissection'}","{'CZ_Calot_Triangle_Dissection', 'CZ_Gallbladder_Packaging', 'CZ_Gallbladder_Retraction', 'M2_Gallbladder_Retraction', 'CZ_Trocar_Placement', 'CZ_Preparation', 'M2_Trocar_Placement', 'M2_Gallbladder_Dissection', 'M2_Gallbladder_Packaging', 'CZ_Clipping_Cutting', 'M2_Preparation', 'M2_Clipping_Cutting', 'M2_Cleaning_Coagulation', 'CZ_Gallbladder_Dissection', 'CZ_Cleaning_Coagulation', 'M2_Calot_Triangle_Dissection'}",1718288296,checkpoint_000073,True,False,74,0b53e_00015,2024-06-13_16-18-16,188.70607709884644,13951.318197727203,130616,fb-OMEN-by-HP-45L-Gaming-Desktop-GT22-0xxx,129.69.82.151,13951.318197727203,74
61.400001376867294,5.458582878112793,4.194766362974573,0.7699999,2.7940714,"{'LH_Washing', 'HC_Creation_of_stoma', 'CA_Irrigation_and_aspiration', 'HC_Dissection_of_lymph_nodes_and_blood_vessels_en_bloc', 'HC_Dissection_and_resection_of_the_rectum', 'GR_Development_of_the_plane_between_the_prostate_and_rectum', 'GR_Left_pelvic_isolated_lymphadenectomy', 'HCH_Cleaning_Coagulation', 'CA_Viscous_agent_removal', 'LH_Dividing_Ligament_and_Peritoneum', 'CZ_Gallbladder_Retraction', 'LH_Suturing', 'HCH_Preparation', 'HCH_Galbladder_Retraction', 'HC_Mobilization_of_splenic_flexure', 'HC_Mobilization_of_transverse_colon', 'LH_Transecting_the_Vagina', 'LH_Dividing_Uterine_Vessels_and_Ligament', 'CZ_Gallbladder_Packaging', 'GR_Bladder_neck_reconstruction', 'CA_Hydrodissection', 'CZ_Preparation', 'CA_Tonifying_and_antibiotics', 'LH_Specimen_Removal', 'CZ_Gallbladder_Dissection', 'GR_Prostatic_pedicle_control', 'LH_Preparation', 'CZ_Cleaning_Coagulation', 'HCH_Clipping_Cutting', 'CZ_Calot_Triangle_Dissection', 'CA_Capsule_Polishing', 'HC_Retroperitoneal_preparation_of_duodenum_and_pancreatic_head', 'GR_Ligation_of_the_deep_dorsal_venous_complex', 'GR_Bladder_neck_identification_and_transection', 'HCH_Galbladder_Dissection', 'CZ_Clipping_Cutting', 'GR_Idle', 'GR_Seminal_vesicle_dissection', 'GR_Developing_the_Space_of_Retzius'}","{'CZ_Calot_Triangle_Dissection', 'CZ_Gallbladder_Packaging', 'CZ_Gallbladder_Retraction', 'M2_Gallbladder_Retraction', 'CZ_Trocar_Placement', 'CZ_Preparation', 'M2_Trocar_Placement', 'M2_Gallbladder_Dissection', 'M2_Gallbladder_Packaging', 'CZ_Clipping_Cutting', 'M2_Preparation', 'M2_Clipping_Cutting', 'M2_Cleaning_Coagulation', 'CZ_Gallbladder_Dissection', 'CZ_Cleaning_Coagulation', 'M2_Calot_Triangle_Dissection'}",1718288485,checkpoint_000074,True,False,75,0b53e_00015,2024-06-13_16-21-26,189.6460177898407,14140.964215517044,130616,fb-OMEN-by-HP-45L-Gaming-Desktop-GT22-0xxx,129.69.82.151,14140.964215517044,75
66.80000135302544,9.797104835510254,3.6864676814005213,0.7060001,3.9524822,"{'LH_Washing', 'HC_Exception', 'HC_Creation_of_stoma', 'CA_Irrigation_and_aspiration', 'HC_Dissection_of_lymph_nodes_and_blood_vessels_en_bloc', 'HC_Dissection_and_resection_of_the_rectum', 'CA_Phacoemulsificiation', 'HC_Extra-abdominal_preparation_of_anastomosis', 'HCH_Cleaning_Coagulation', 'GR_Right_pelvic_isolated_lymphadenectomy', 'CA_Lens_implant_setting-up', 'HC_General_preparation_and_orientation_in_the_abdomen', 'CA_Viscous_agent_removal', 'LH_Dividing_Ligament_and_Peritoneum', 'CZ_Gallbladder_Retraction', 'LH_Suturing', 'HCH_Preparation', 'HCH_Galbladder_Retraction', 'HC_Mobilization_of_transverse_colon', 'LH_Transecting_the_Vagina', 'LH_Dividing_Uterine_Vessels_and_Ligament', 'HC_Intra-abdominal_preparation_of_anastomosis', 'CZ_Gallbladder_Packaging', 'GR_Bladder_neck_reconstruction', 'CA_Hydrodissection', 'CZ_Preparation', 'CA_Tonifying_and_antibiotics', 'LH_Specimen_Removal', 'CZ_Gallbladder_Dissection', 'CA_Rhexis', 'LH_Preparation', 'GR_Prostatic_pedicle_control', 'CZ_Cleaning_Coagulation', 'HCH_Clipping_Cutting', 'CZ_Calot_Triangle_Dissection', 'CA_Capsule_Polishing', 'HC_Retroperitoneal_preparation_of_duodenum_and_pancreatic_head', 'HC_Finalization_of_operation', 'GR_Ligation_of_the_deep_dorsal_venous_complex', 'GR_Severing_of_the_prostate_from_the_urethra', 'GR_Bladder_neck_identification_and_transection', 'HCH_Galbladder_Dissection', 'CZ_Clipping_Cutting', 'CA_Viscous_agent_injection', 'HCH_Calot_Triangle_Dissection', 'CA_Incision', 'GR_Seminal_vesicle_dissection', 'GR_Developing_the_Space_of_Retzius'}","{'CZ_Calot_Triangle_Dissection', 'CZ_Gallbladder_Packaging', 'CZ_Gallbladder_Retraction', 'M2_Gallbladder_Retraction', 'CZ_Trocar_Placement', 'CZ_Preparation', 'M2_Trocar_Placement', 'M2_Gallbladder_Dissection', 'M2_Gallbladder_Packaging', 'CZ_Clipping_Cutting', 'M2_Preparation', 'M2_Clipping_Cutting', 'M2_Cleaning_Coagulation', 'CZ_Gallbladder_Dissection', 'CZ_Cleaning_Coagulation', 'M2_Calot_Triangle_Dissection'}",1718288674,checkpoint_000075,True,False,76,0b53e_00015,2024-06-13_16-24-34,188.504576921463,14329.468792438507,130616,fb-OMEN-by-HP-45L-Gaming-Desktop-GT22-0xxx,129.69.82.151,14329.468792438507,76
68.40000127255917,5.5380048751831055,3.6004298210737438,0.7340001,3.5187578,"{'LH_Washing', 'HC_Exception', 'HCH_Galbladder_Packaging', 'HC_Creation_of_stoma', 'CA_Irrigation_and_aspiration', 'HC_Dissection_of_lymph_nodes_and_blood_vessels_en_bloc', 'GR_Development_of_the_plane_between_the_prostate_and_rectum', 'CA_Phacoemulsificiation', 'GR_Left_pelvic_isolated_lymphadenectomy', 'HCH_Cleaning_Coagulation', 'GR_Right_pelvic_isolated_lymphadenectomy', 'CA_Lens_implant_setting-up', 'CA_Viscous_agent_removal', 'CZ_Gallbladder_Retraction', 'LH_Suturing', 'HC_Mobilization_of_sigmoid_colon_and_descending_colon', 'HCH_Preparation', 'HCH_Galbladder_Retraction', 'HC_Mobilization_of_splenic_flexure', 'HC_Mobilization_of_ascending_colon', 'HC_Retroperitoneal_preparation_towards_lower_pancreatic_border', 'HC_Mobilization_of_transverse_colon', 'LH_Dividing_Uterine_Vessels_and_Ligament', 'HC_Intra-abdominal_preparation_of_anastomosis', 'GR_Bladder_neck_reconstruction', 'CA_Hydrodissection', 'CZ_Preparation', 'CA_Tonifying_and_antibiotics', 'LH_Specimen_Removal', 'CZ_Gallbladder_Dissection', 'GR_Prostatic_pedicle_control', 'LH_Preparation', 'CZ_Cleaning_Coagulation', 'HCH_Clipping_Cutting', 'CZ_Calot_Triangle_Dissection', 'HC_Retroperitoneal_preparation_of_duodenum_and_pancreatic_head', 'GR_Ligation_of_the_deep_dorsal_venous_complex', 'GR_Severing_of_the_prostate_from_the_urethra', 'GR_Bladder_neck_identification_and_transection', 'HCH_Galbladder_Dissection', 'CZ_Clipping_Cutting', 'GR_Idle', 'CA_Viscous_agent_injection', 'HCH_Calot_Triangle_Dissection', 'CA_Incision', 'GR_Seminal_vesicle_dissection', 'GR_Developing_the_Space_of_Retzius'}","{'CZ_Calot_Triangle_Dissection', 'CZ_Gallbladder_Packaging', 'CZ_Gallbladder_Retraction', 'M2_Gallbladder_Retraction', 'CZ_Trocar_Placement', 'CZ_Preparation', 'M2_Trocar_Placement', 'M2_Gallbladder_Dissection', 'M2_Gallbladder_Packaging', 'CZ_Clipping_Cutting', 'M2_Preparation', 'M2_Clipping_Cutting', 'M2_Cleaning_Coagulation', 'CZ_Gallbladder_Dissection', 'CZ_Cleaning_Coagulation', 'M2_Calot_Triangle_Dissection'}",1718288862,checkpoint_000076,True,False,77,0b53e_00015,2024-06-13_16-27-42,187.85543727874756,14517.324229717255,130616,fb-OMEN-by-HP-45L-Gaming-Desktop-GT22-0xxx,129.69.82.151,14517.324229717255,77
70.40000130236149,6.321569919586182,3.7386196790519106,0.73600006,3.4067347,"{'LH_Washing', 'HCH_Galbladder_Packaging', 'HC_Creation_of_stoma', 'CA_Irrigation_and_aspiration', 'HC_Dissection_of_lymph_nodes_and_blood_vessels_en_bloc', 'GR_Development_of_the_plane_between_the_prostate_and_rectum', 'CA_Phacoemulsificiation', 'GR_Left_pelvic_isolated_lymphadenectomy', 'HC_Extra-abdominal_preparation_of_anastomosis', 'HCH_Cleaning_Coagulation', 'GR_Right_pelvic_isolated_lymphadenectomy', 'CA_Lens_implant_setting-up', 'HC_General_preparation_and_orientation_in_the_abdomen', 'CA_Viscous_agent_removal', 'LH_Dividing_Ligament_and_Peritoneum', 'CZ_Gallbladder_Retraction', 'HCH_Preparation', 'HCH_Galbladder_Retraction', 'HC_Mobilization_of_ascending_colon', 'HC_Mobilization_of_transverse_colon', 'LH_Dividing_Uterine_Vessels_and_Ligament', 'HC_Intra-abdominal_preparation_of_anastomosis', 'CA_Hydrodissection', 'CZ_Preparation', 'LH_Specimen_Removal', 'CZ_Gallbladder_Dissection', 'GR_Prostatic_pedicle_control', 'LH_Preparation', 'CZ_Cleaning_Coagulation', 'HCH_Clipping_Cutting', 'CZ_Calot_Triangle_Dissection', 'CA_Capsule_Polishing', 'HC_Retroperitoneal_preparation_of_duodenum_and_pancreatic_head', 'GR_Ligation_of_the_deep_dorsal_venous_complex', 'GR_Severing_of_the_prostate_from_the_urethra', 'HCH_Galbladder_Dissection', 'CZ_Clipping_Cutting', 'GR_Idle', 'CA_Viscous_agent_injection', 'HCH_Calot_Triangle_Dissection', 'CA_Incision', 'GR_Seminal_vesicle_dissection', 'GR_Developing_the_Space_of_Retzius'}","{'CZ_Calot_Triangle_Dissection', 'CZ_Gallbladder_Packaging', 'CZ_Gallbladder_Retraction', 'M2_Gallbladder_Retraction', 'CZ_Trocar_Placement', 'CZ_Preparation', 'M2_Trocar_Placement', 'M2_Gallbladder_Dissection', 'M2_Gallbladder_Packaging', 'CZ_Clipping_Cutting', 'M2_Preparation', 'M2_Clipping_Cutting', 'M2_Cleaning_Coagulation', 'CZ_Gallbladder_Dissection', 'CZ_Cleaning_Coagulation', 'M2_Calot_Triangle_Dissection'}",1718289050,checkpoint_000077,True,False,78,0b53e_00015,2024-06-13_16-30-50,187.80591368675232,14705.130143404007,130616,fb-OMEN-by-HP-45L-Gaming-Desktop-GT22-0xxx,129.69.82.151,14705.130143404007,78
68.00000129640102,5.180169582366943,3.997631250543042,0.7760001,3.0329542,"{'LH_Washing', 'HC_Exception', 'HCH_Galbladder_Packaging', 'HC_Creation_of_stoma', 'CA_Irrigation_and_aspiration', 'HC_Dissection_of_lymph_nodes_and_blood_vessels_en_bloc', 'HC_Dissection_and_resection_of_the_rectum', 'GR_Development_of_the_plane_between_the_prostate_and_rectum', 'CA_Phacoemulsificiation', 'GR_Left_pelvic_isolated_lymphadenectomy', 'HCH_Cleaning_Coagulation', 'CA_Lens_implant_setting-up', 'HC_General_preparation_and_orientation_in_the_abdomen', 'CA_Viscous_agent_removal', 'LH_Dividing_Ligament_and_Peritoneum', 'CZ_Gallbladder_Retraction', 'HC_Mobilization_of_sigmoid_colon_and_descending_colon', 'HCH_Preparation', 'HCH_Galbladder_Retraction', 'HC_Retroperitoneal_preparation_towards_lower_pancreatic_border', 'HC_Mobilization_of_transverse_colon', 'LH_Transecting_the_Vagina', 'LH_Dividing_Uterine_Vessels_and_Ligament', 'CZ_Gallbladder_Packaging', 'GR_Bladder_neck_reconstruction', 'CA_Hydrodissection', 'CZ_Preparation', 'CA_Tonifying_and_antibiotics', 'LH_Specimen_Removal', 'CZ_Gallbladder_Dissection', 'LH_Preparation', 'CZ_Cleaning_Coagulation', 'HCH_Clipping_Cutting', 'CZ_Calot_Triangle_Dissection', 'CA_Capsule_Polishing', 'GR_Ligation_of_the_deep_dorsal_venous_complex', 'GR_Bladder_neck_identification_and_transection', 'HCH_Galbladder_Dissection', 'CZ_Clipping_Cutting', 'GR_Idle', 'HCH_Calot_Triangle_Dissection', 'CA_Incision', 'GR_Seminal_vesicle_dissection', 'GR_Developing_the_Space_of_Retzius'}","{'CZ_Calot_Triangle_Dissection', 'CZ_Gallbladder_Packaging', 'CZ_Gallbladder_Retraction', 'M2_Gallbladder_Retraction', 'CZ_Trocar_Placement', 'CZ_Preparation', 'M2_Trocar_Placement', 'M2_Gallbladder_Dissection', 'M2_Gallbladder_Packaging', 'CZ_Clipping_Cutting', 'M2_Preparation', 'M2_Clipping_Cutting', 'M2_Cleaning_Coagulation', 'CZ_Gallbladder_Dissection', 'CZ_Cleaning_Coagulation', 'M2_Calot_Triangle_Dissection'}",1718289239,checkpoint_000078,True,False,79,0b53e_00015,2024-06-13_16-33-59,189.18939757347107,14894.319540977478,130616,fb-OMEN-by-HP-45L-Gaming-Desktop-GT22-0xxx,129.69.82.151,14894.319540977478,79
73.00000125169754,4.779352188110352,3.651075364553294,0.7280001,3.4883049,"{'LH_Washing', 'HC_Exception', 'CA_Irrigation_and_aspiration', 'HC_Dissection_of_lymph_nodes_and_blood_vessels_en_bloc', 'HC_Dissection_and_resection_of_the_rectum', 'HC_Extra-abdominal_preparation_of_anastomosis', 'HCH_Cleaning_Coagulation', 'GR_Right_pelvic_isolated_lymphadenectomy', 'CA_Lens_implant_setting-up', 'HC_General_preparation_and_orientation_in_the_abdomen', 'CA_Viscous_agent_removal', 'LH_Dividing_Ligament_and_Peritoneum', 'CZ_Gallbladder_Retraction', 'LH_Suturing', 'HCH_Preparation', 'HCH_Galbladder_Retraction', 'HC_Mobilization_of_splenic_flexure', 'HC_Retroperitoneal_preparation_towards_lower_pancreatic_border', 'HC_Mobilization_of_transverse_colon', 'LH_Transecting_the_Vagina', 'LH_Dividing_Uterine_Vessels_and_Ligament', 'HC_Intra-abdominal_preparation_of_anastomosis', 'CZ_Gallbladder_Packaging', 'GR_Bladder_neck_reconstruction', 'CA_Hydrodissection', 'CZ_Preparation', 'LH_Specimen_Removal', 'CZ_Gallbladder_Dissection', 'CA_Rhexis', 'LH_Preparation', 'GR_Prostatic_pedicle_control', 'CZ_Cleaning_Coagulation', 'HCH_Clipping_Cutting', 'CZ_Calot_Triangle_Dissection', 'CA_Capsule_Polishing', 'HC_Retroperitoneal_preparation_of_duodenum_and_pancreatic_head', 'HC_Finalization_of_operation', 'GR_Ligation_of_the_deep_dorsal_venous_complex', 'GR_Bladder_neck_identification_and_transection', 'HCH_Galbladder_Dissection', 'CA_Viscous_agent_injection', 'HCH_Calot_Triangle_Dissection', 'GR_Seminal_vesicle_dissection'}","{'CZ_Calot_Triangle_Dissection', 'CZ_Gallbladder_Packaging', 'CZ_Gallbladder_Retraction', 'M2_Gallbladder_Retraction', 'CZ_Trocar_Placement', 'CZ_Preparation', 'M2_Trocar_Placement', 'M2_Gallbladder_Dissection', 'M2_Gallbladder_Packaging', 'CZ_Clipping_Cutting', 'M2_Preparation', 'M2_Clipping_Cutting', 'M2_Cleaning_Coagulation', 'CZ_Gallbladder_Dissection', 'CZ_Cleaning_Coagulation', 'M2_Calot_Triangle_Dissection'}",1718289427,checkpoint_000079,True,False,80,0b53e_00015,2024-06-13_16-37-08,188.38564467430115,15082.70518565178,130616,fb-OMEN-by-HP-45L-Gaming-Desktop-GT22-0xxx,129.69.82.151,15082.70518565178,80
62.40000130236149,5.60572624206543,4.44466467120805,0.7440002,3.457116,"{'LH_Washing', 'HC_Exception', 'HCH_Galbladder_Packaging', 'CA_Irrigation_and_aspiration', 'HC_Dissection_of_lymph_nodes_and_blood_vessels_en_bloc', 'HC_Dissection_and_resection_of_the_rectum', 'GR_Development_of_the_plane_between_the_prostate_and_rectum', 'GR_Left_pelvic_isolated_lymphadenectomy', 'HC_Extra-abdominal_preparation_of_anastomosis', 'HCH_Cleaning_Coagulation', 'GR_Right_pelvic_isolated_lymphadenectomy', 'HC_General_preparation_and_orientation_in_the_abdomen', 'CA_Viscous_agent_removal', 'CZ_Gallbladder_Retraction', 'LH_Suturing', 'HCH_Preparation', 'HCH_Galbladder_Retraction', 'HC_Retroperitoneal_preparation_towards_lower_pancreatic_border', 'HC_Mobilization_of_transverse_colon', 'LH_Transecting_the_Vagina', 'LH_Dividing_Uterine_Vessels_and_Ligament', 'CZ_Gallbladder_Packaging', 'GR_Bladder_neck_reconstruction', 'CZ_Preparation', 'CA_Tonifying_and_antibiotics', 'LH_Specimen_Removal', 'CZ_Gallbladder_Dissection', 'GR_Prostatic_pedicle_control', 'LH_Preparation', 'CZ_Cleaning_Coagulation', 'HCH_Clipping_Cutting', 'CZ_Calot_Triangle_Dissection', 'CA_Capsule_Polishing', 'HC_Retroperitoneal_preparation_of_duodenum_and_pancreatic_head', 'HC_Finalization_of_operation', 'GR_Ligation_of_the_deep_dorsal_venous_complex', 'GR_Severing_of_the_prostate_from_the_urethra', 'GR_Bladder_neck_identification_and_transection', 'HCH_Galbladder_Dissection', 'CZ_Clipping_Cutting', 'GR_Idle', 'CA_Viscous_agent_injection', 'HCH_Calot_Triangle_Dissection', 'GR_Developing_the_Space_of_Retzius'}","{'CZ_Calot_Triangle_Dissection', 'CZ_Gallbladder_Packaging', 'CZ_Gallbladder_Retraction', 'M2_Gallbladder_Retraction', 'CZ_Trocar_Placement', 'CZ_Preparation', 'M2_Trocar_Placement', 'M2_Gallbladder_Dissection', 'M2_Gallbladder_Packaging', 'CZ_Clipping_Cutting', 'M2_Preparation', 'M2_Clipping_Cutting', 'M2_Cleaning_Coagulation', 'CZ_Gallbladder_Dissection', 'CZ_Cleaning_Coagulation', 'M2_Calot_Triangle_Dissection'}",1718289617,checkpoint_000080,True,False,81,0b53e_00015,2024-06-13_16-40-17,189.71923923492432,15272.424424886703,130616,fb-OMEN-by-HP-45L-Gaming-Desktop-GT22-0xxx,129.69.82.151,15272.424424886703,81
64.40000127255917,5.558287143707275,4.057910079437141,0.74000007,3.219647,"{'LH_Washing', 'HC_Exception', 'HCH_Galbladder_Packaging', 'HC_Creation_of_stoma', 'CA_Irrigation_and_aspiration', 'HC_Dissection_of_lymph_nodes_and_blood_vessels_en_bloc', 'HC_Dissection_and_resection_of_the_rectum', 'GR_Development_of_the_plane_between_the_prostate_and_rectum', 'CA_Phacoemulsificiation', 'GR_Left_pelvic_isolated_lymphadenectomy', 'HC_Extra-abdominal_preparation_of_anastomosis', 'HCH_Cleaning_Coagulation', 'GR_Right_pelvic_isolated_lymphadenectomy', 'CA_Viscous_agent_removal', 'LH_Dividing_Ligament_and_Peritoneum', 'CZ_Gallbladder_Retraction', 'LH_Suturing', 'HC_Mobilization_of_sigmoid_colon_and_descending_colon', 'HCH_Preparation', 'HC_Mobilization_of_splenic_flexure', 'HC_Mobilization_of_ascending_colon', 'HC_Retroperitoneal_preparation_towards_lower_pancreatic_border', 'HC_Mobilization_of_transverse_colon', 'LH_Transecting_the_Vagina', 'LH_Dividing_Uterine_Vessels_and_Ligament', 'CZ_Gallbladder_Packaging', 'GR_Bladder_neck_reconstruction', 'CA_Hydrodissection', 'CZ_Preparation', 'LH_Specimen_Removal', 'CZ_Gallbladder_Dissection', 'CA_Rhexis', 'LH_Preparation', 'GR_Prostatic_pedicle_control', 'CZ_Cleaning_Coagulation', 'HCH_Clipping_Cutting', 'CZ_Calot_Triangle_Dissection', 'HC_Retroperitoneal_preparation_of_duodenum_and_pancreatic_head', 'HC_Finalization_of_operation', 'GR_Severing_of_the_prostate_from_the_urethra', 'GR_Bladder_neck_identification_and_transection', 'HCH_Galbladder_Dissection', 'CZ_Clipping_Cutting', 'GR_Idle', 'CA_Viscous_agent_injection', 'HCH_Calot_Triangle_Dissection', 'CA_Incision', 'GR_Developing_the_Space_of_Retzius'}","{'CZ_Calot_Triangle_Dissection', 'CZ_Gallbladder_Packaging', 'CZ_Gallbladder_Retraction', 'M2_Gallbladder_Retraction', 'CZ_Trocar_Placement', 'CZ_Preparation', 'M2_Trocar_Placement', 'M2_Gallbladder_Dissection', 'M2_Gallbladder_Packaging', 'CZ_Clipping_Cutting', 'M2_Preparation', 'M2_Clipping_Cutting', 'M2_Cleaning_Coagulation', 'CZ_Gallbladder_Dissection', 'CZ_Cleaning_Coagulation', 'M2_Calot_Triangle_Dissection'}",1718289806,checkpoint_000081,True,False,82,0b53e_00015,2024-06-13_16-43-26,188.73364448547363,15461.158069372177,130616,fb-OMEN-by-HP-45L-Gaming-Desktop-GT22-0xxx,129.69.82.151,15461.158069372177,82
66.20000131428242,8.628952026367188,4.283216615123132,0.7880001,2.9403455,"{'LH_Washing', 'HC_Exception', 'HCH_Galbladder_Packaging', 'CA_Irrigation_and_aspiration', 'HC_Dissection_of_lymph_nodes_and_blood_vessels_en_bloc', 'HC_Dissection_and_resection_of_the_rectum', 'GR_Development_of_the_plane_between_the_prostate_and_rectum', 'CA_Phacoemulsificiation', 'GR_Left_pelvic_isolated_lymphadenectomy', 'HC_Extra-abdominal_preparation_of_anastomosis', 'GR_Right_pelvic_isolated_lymphadenectomy', 'CA_Lens_implant_setting-up', 'HC_General_preparation_and_orientation_in_the_abdomen', 'LH_Dividing_Ligament_and_Peritoneum', 'CZ_Gallbladder_Retraction', 'LH_Suturing', 'HCH_Preparation', 'HCH_Galbladder_Retraction', 'HC_Mobilization_of_splenic_flexure', 'HC_Mobilization_of_ascending_colon', 'HC_Mobilization_of_transverse_colon', 'LH_Transecting_the_Vagina', 'LH_Dividing_Uterine_Vessels_and_Ligament', 'HC_Intra-abdominal_preparation_of_anastomosis', 'CZ_Gallbladder_Packaging', 'GR_Bladder_neck_reconstruction', 'CZ_Preparation', 'LH_Specimen_Removal', 'CZ_Gallbladder_Dissection', 'LH_Preparation', 'CZ_Cleaning_Coagulation', 'HCH_Clipping_Cutting', 'CZ_Calot_Triangle_Dissection', 'HC_Retroperitoneal_preparation_of_duodenum_and_pancreatic_head', 'GR_Ligation_of_the_deep_dorsal_venous_complex', 'GR_Bladder_neck_identification_and_transection', 'HCH_Galbladder_Dissection', 'CZ_Clipping_Cutting', 'HCH_Calot_Triangle_Dissection', 'CA_Incision', 'GR_Seminal_vesicle_dissection', 'GR_Developing_the_Space_of_Retzius'}","{'CZ_Calot_Triangle_Dissection', 'CZ_Gallbladder_Packaging', 'CZ_Gallbladder_Retraction', 'M2_Gallbladder_Retraction', 'CZ_Trocar_Placement', 'CZ_Preparation', 'M2_Trocar_Placement', 'M2_Gallbladder_Dissection', 'M2_Gallbladder_Packaging', 'CZ_Clipping_Cutting', 'M2_Preparation', 'M2_Clipping_Cutting', 'M2_Cleaning_Coagulation', 'CZ_Gallbladder_Dissection', 'CZ_Cleaning_Coagulation', 'M2_Calot_Triangle_Dissection'}",1718289994,checkpoint_000082,True,False,83,0b53e_00015,2024-06-13_16-46-35,188.7730050086975,15649.931074380875,130616,fb-OMEN-by-HP-45L-Gaming-Desktop-GT22-0xxx,129.69.82.151,15649.931074380875,83
70.20000123977661,4.632483005523682,3.9781723181511097,0.76000005,3.1697955,"{'LH_Washing', 'HC_Exception', 'HCH_Galbladder_Packaging', 'HC_Creation_of_stoma', 'CA_Irrigation_and_aspiration', 'HC_Dissection_of_lymph_nodes_and_blood_vessels_en_bloc', 'GR_Development_of_the_plane_between_the_prostate_and_rectum', 'HC_Extra-abdominal_preparation_of_anastomosis', 'HCH_Cleaning_Coagulation', 'GR_Right_pelvic_isolated_lymphadenectomy', 'CA_Lens_implant_setting-up', 'HC_General_preparation_and_orientation_in_the_abdomen', 'CA_Viscous_agent_removal', 'LH_Dividing_Ligament_and_Peritoneum', 'CZ_Gallbladder_Retraction', 'LH_Suturing', 'HC_Mobilization_of_sigmoid_colon_and_descending_colon', 'HCH_Preparation', 'HCH_Galbladder_Retraction', 'HC_Mobilization_of_ascending_colon', 'HC_Retroperitoneal_preparation_towards_lower_pancreatic_border', 'LH_Transecting_the_Vagina', 'LH_Dividing_Uterine_Vessels_and_Ligament', 'HC_Intra-abdominal_preparation_of_anastomosis', 'CZ_Gallbladder_Packaging', 'GR_Bladder_neck_reconstruction', 'CA_Hydrodissection', 'CZ_Preparation', 'CA_Tonifying_and_antibiotics', 'LH_Specimen_Removal', 'CZ_Gallbladder_Dissection', 'CZ_Cleaning_Coagulation', 'HCH_Clipping_Cutting', 'CZ_Calot_Triangle_Dissection', 'HC_Finalization_of_operation', 'GR_Ligation_of_the_deep_dorsal_venous_complex', 'HCH_Galbladder_Dissection', 'CZ_Clipping_Cutting', 'GR_Idle', 'CA_Viscous_agent_injection', 'HCH_Calot_Triangle_Dissection', 'CA_Incision', 'GR_Seminal_vesicle_dissection', 'GR_Developing_the_Space_of_Retzius'}","{'CZ_Calot_Triangle_Dissection', 'CZ_Gallbladder_Packaging', 'CZ_Gallbladder_Retraction', 'M2_Gallbladder_Retraction', 'CZ_Trocar_Placement', 'CZ_Preparation', 'M2_Trocar_Placement', 'M2_Gallbladder_Dissection', 'M2_Gallbladder_Packaging', 'CZ_Clipping_Cutting', 'M2_Preparation', 'M2_Clipping_Cutting', 'M2_Cleaning_Coagulation', 'CZ_Gallbladder_Dissection', 'CZ_Cleaning_Coagulation', 'M2_Calot_Triangle_Dissection'}",1718290184,checkpoint_000083,True,False,84,0b53e_00015,2024-06-13_16-49-44,189.02700638771057,15838.958080768585,130616,fb-OMEN-by-HP-45L-Gaming-Desktop-GT22-0xxx,129.69.82.151,15838.958080768585,84
69.40000127255917,6.3297624588012695,3.858960712275487,0.72200006,3.3816428,"{'LH_Washing', 'HC_Exception', 'HCH_Galbladder_Packaging', 'HC_Creation_of_stoma', 'HC_Dissection_of_lymph_nodes_and_blood_vessels_en_bloc', 'HC_Dissection_and_resection_of_the_rectum', 'CA_Phacoemulsificiation', 'GR_Left_pelvic_isolated_lymphadenectomy', 'HCH_Cleaning_Coagulation', 'GR_Right_pelvic_isolated_lymphadenectomy', 'CA_Lens_implant_setting-up', 'CA_Viscous_agent_removal', 'LH_Dividing_Ligament_and_Peritoneum', 'CZ_Gallbladder_Retraction', 'LH_Suturing', 'HCH_Preparation', 'HC_Mobilization_of_splenic_flexure', 'HC_Mobilization_of_ascending_colon', 'HC_Retroperitoneal_preparation_towards_lower_pancreatic_border', 'HC_Mobilization_of_transverse_colon', 'LH_Transecting_the_Vagina', 'LH_Dividing_Uterine_Vessels_and_Ligament', 'HC_Intra-abdominal_preparation_of_anastomosis', 'CZ_Gallbladder_Packaging', 'GR_Bladder_neck_reconstruction', 'CA_Hydrodissection', 'LH_Specimen_Removal', 'CZ_Gallbladder_Dissection', 'CA_Rhexis', 'GR_Prostatic_pedicle_control', 'CZ_Cleaning_Coagulation', 'HCH_Clipping_Cutting', 'CZ_Calot_Triangle_Dissection', 'CA_Capsule_Polishing', 'HC_Finalization_of_operation', 'GR_Ligation_of_the_deep_dorsal_venous_complex', 'GR_Bladder_neck_identification_and_transection', 'HCH_Galbladder_Dissection', 'CZ_Clipping_Cutting', 'GR_Idle', 'CA_Viscous_agent_injection', 'HCH_Calot_Triangle_Dissection', 'CA_Incision', 'GR_Seminal_vesicle_dissection'}","{'CZ_Calot_Triangle_Dissection', 'CZ_Gallbladder_Packaging', 'CZ_Gallbladder_Retraction', 'M2_Gallbladder_Retraction', 'CZ_Trocar_Placement', 'CZ_Preparation', 'M2_Trocar_Placement', 'M2_Gallbladder_Dissection', 'M2_Gallbladder_Packaging', 'CZ_Clipping_Cutting', 'M2_Preparation', 'M2_Clipping_Cutting', 'M2_Cleaning_Coagulation', 'CZ_Gallbladder_Dissection', 'CZ_Cleaning_Coagulation', 'M2_Calot_Triangle_Dissection'}",1718290372,checkpoint_000084,True,False,85,0b53e_00015,2024-06-13_16-52-53,188.6059353351593,16027.564016103745,130616,fb-OMEN-by-HP-45L-Gaming-Desktop-GT22-0xxx,129.69.82.151,16027.564016103745,85
69.80000132322311,5.545318603515625,3.697912784127709,0.76200014,3.206552,"{'LH_Washing', 'HC_Exception', 'HCH_Galbladder_Packaging', 'HC_Creation_of_stoma', 'HC_Dissection_of_lymph_nodes_and_blood_vessels_en_bloc', 'HC_Dissection_and_resection_of_the_rectum', 'GR_Development_of_the_plane_between_the_prostate_and_rectum', 'CA_Phacoemulsificiation', 'HC_Extra-abdominal_preparation_of_anastomosis', 'HCH_Cleaning_Coagulation', 'GR_Right_pelvic_isolated_lymphadenectomy', 'CA_Lens_implant_setting-up', 'HC_General_preparation_and_orientation_in_the_abdomen', 'CA_Viscous_agent_removal', 'LH_Dividing_Ligament_and_Peritoneum', 'CZ_Gallbladder_Retraction', 'LH_Suturing', 'HC_Mobilization_of_sigmoid_colon_and_descending_colon', 'HC_Mobilization_of_splenic_flexure', 'HC_Retroperitoneal_preparation_towards_lower_pancreatic_border', 'HC_Mobilization_of_transverse_colon', 'LH_Transecting_the_Vagina', 'LH_Dividing_Uterine_Vessels_and_Ligament', 'HC_Intra-abdominal_preparation_of_anastomosis', 'CZ_Gallbladder_Packaging', 'GR_Bladder_neck_reconstruction', 'CA_Hydrodissection', 'CZ_Preparation', 'CA_Tonifying_and_antibiotics', 'LH_Specimen_Removal', 'CZ_Gallbladder_Dissection', 'CA_Rhexis', 'LH_Preparation', 'GR_Prostatic_pedicle_control', 'CZ_Cleaning_Coagulation', 'HCH_Clipping_Cutting', 'CZ_Calot_Triangle_Dissection', 'HC_Retroperitoneal_preparation_of_duodenum_and_pancreatic_head', 'HC_Finalization_of_operation', 'GR_Ligation_of_the_deep_dorsal_venous_complex', 'GR_Severing_of_the_prostate_from_the_urethra', 'GR_Bladder_neck_identification_and_transection', 'CZ_Clipping_Cutting', 'CA_Viscous_agent_injection', 'HCH_Calot_Triangle_Dissection', 'CA_Incision', 'GR_Developing_the_Space_of_Retzius'}","{'CZ_Calot_Triangle_Dissection', 'CZ_Gallbladder_Packaging', 'CZ_Gallbladder_Retraction', 'M2_Gallbladder_Retraction', 'CZ_Trocar_Placement', 'CZ_Preparation', 'M2_Trocar_Placement', 'M2_Gallbladder_Dissection', 'M2_Gallbladder_Packaging', 'CZ_Clipping_Cutting', 'M2_Preparation', 'M2_Clipping_Cutting', 'M2_Cleaning_Coagulation', 'CZ_Gallbladder_Dissection', 'CZ_Cleaning_Coagulation', 'M2_Calot_Triangle_Dissection'}",1718290560,checkpoint_000085,True,False,86,0b53e_00015,2024-06-13_16-56-00,187.90665650367737,16215.470672607422,130616,fb-OMEN-by-HP-45L-Gaming-Desktop-GT22-0xxx,129.69.82.151,16215.470672607422,86
60.80000141263008,5.673572063446045,4.182476547096548,0.7680001,3.1411626,"{'HC_Exception', 'HC_Creation_of_stoma', 'CA_Irrigation_and_aspiration', 'HC_Dissection_and_resection_of_the_rectum', 'GR_Development_of_the_plane_between_the_prostate_and_rectum', 'CA_Phacoemulsificiation', 'HC_Extra-abdominal_preparation_of_anastomosis', 'HCH_Cleaning_Coagulation', 'GR_Right_pelvic_isolated_lymphadenectomy', 'CA_Lens_implant_setting-up', 'HC_General_preparation_and_orientation_in_the_abdomen', 'CA_Viscous_agent_removal', 'LH_Dividing_Ligament_and_Peritoneum', 'CZ_Gallbladder_Retraction', 'HC_Mobilization_of_sigmoid_colon_and_descending_colon', 'HCH_Preparation', 'HCH_Galbladder_Retraction', 'HC_Mobilization_of_ascending_colon', 'HC_Retroperitoneal_preparation_towards_lower_pancreatic_border', 'HC_Mobilization_of_transverse_colon', 'LH_Dividing_Uterine_Vessels_and_Ligament', 'HC_Intra-abdominal_preparation_of_anastomosis', 'CZ_Gallbladder_Packaging', 'GR_Bladder_neck_reconstruction', 'CZ_Preparation', 'CA_Tonifying_and_antibiotics', 'LH_Specimen_Removal', 'CZ_Gallbladder_Dissection', 'GR_Prostatic_pedicle_control', 'LH_Preparation', 'HCH_Clipping_Cutting', 'HC_Retroperitoneal_preparation_of_duodenum_and_pancreatic_head', 'HC_Finalization_of_operation', 'GR_Ligation_of_the_deep_dorsal_venous_complex', 'GR_Severing_of_the_prostate_from_the_urethra', 'GR_Bladder_neck_identification_and_transection', 'HCH_Galbladder_Dissection', 'CZ_Clipping_Cutting', 'GR_Idle', 'CA_Viscous_agent_injection', 'HCH_Calot_Triangle_Dissection', 'CA_Incision', 'GR_Seminal_vesicle_dissection'}","{'CZ_Calot_Triangle_Dissection', 'CZ_Gallbladder_Packaging', 'CZ_Gallbladder_Retraction', 'M2_Gallbladder_Retraction', 'CZ_Trocar_Placement', 'CZ_Preparation', 'M2_Trocar_Placement', 'M2_Gallbladder_Dissection', 'M2_Gallbladder_Packaging', 'CZ_Clipping_Cutting', 'M2_Preparation', 'M2_Clipping_Cutting', 'M2_Cleaning_Coagulation', 'CZ_Gallbladder_Dissection', 'CZ_Cleaning_Coagulation', 'M2_Calot_Triangle_Dissection'}",1718290749,checkpoint_000086,True,False,87,0b53e_00015,2024-06-13_16-59-10,189.24420928955078,16404.714881896973,130616,fb-OMEN-by-HP-45L-Gaming-Desktop-GT22-0xxx,129.69.82.151,16404.714881896973,87
70.40000134706497,4.946051597595215,3.779497980743207,0.71800005,3.5807083,"{'LH_Washing', 'HC_Exception', 'HCH_Galbladder_Packaging', 'HC_Creation_of_stoma', 'HC_Dissection_of_lymph_nodes_and_blood_vessels_en_bloc', 'GR_Development_of_the_plane_between_the_prostate_and_rectum', 'CA_Phacoemulsificiation', 'GR_Left_pelvic_isolated_lymphadenectomy', 'HC_Extra-abdominal_preparation_of_anastomosis', 'HCH_Cleaning_Coagulation', 'GR_Right_pelvic_isolated_lymphadenectomy', 'CA_Lens_implant_setting-up', 'HC_General_preparation_and_orientation_in_the_abdomen', 'CA_Viscous_agent_removal', 'LH_Dividing_Ligament_and_Peritoneum', 'CZ_Gallbladder_Retraction', 'LH_Suturing', 'HCH_Preparation', 'HCH_Galbladder_Retraction', 'HC_Mobilization_of_ascending_colon', 'HC_Retroperitoneal_preparation_towards_lower_pancreatic_border', 'LH_Transecting_the_Vagina', 'LH_Dividing_Uterine_Vessels_and_Ligament', 'HC_Intra-abdominal_preparation_of_anastomosis', 'CZ_Gallbladder_Packaging', 'GR_Bladder_neck_reconstruction', 'CA_Hydrodissection', 'CZ_Preparation', 'CA_Tonifying_and_antibiotics', 'LH_Specimen_Removal', 'CZ_Gallbladder_Dissection', 'CA_Rhexis', 'LH_Preparation', 'GR_Prostatic_pedicle_control', 'CZ_Cleaning_Coagulation', 'HCH_Clipping_Cutting', 'CA_Capsule_Polishing', 'HC_Retroperitoneal_preparation_of_duodenum_and_pancreatic_head', 'HC_Finalization_of_operation', 'GR_Ligation_of_the_deep_dorsal_venous_complex', 'GR_Bladder_neck_identification_and_transection', 'HCH_Galbladder_Dissection', 'CZ_Clipping_Cutting', 'GR_Idle', 'CA_Viscous_agent_injection', 'HCH_Calot_Triangle_Dissection', 'CA_Incision', 'GR_Developing_the_Space_of_Retzius'}","{'CZ_Calot_Triangle_Dissection', 'CZ_Gallbladder_Packaging', 'CZ_Gallbladder_Retraction', 'M2_Gallbladder_Retraction', 'CZ_Trocar_Placement', 'CZ_Preparation', 'M2_Trocar_Placement', 'M2_Gallbladder_Dissection', 'M2_Gallbladder_Packaging', 'CZ_Clipping_Cutting', 'M2_Preparation', 'M2_Clipping_Cutting', 'M2_Cleaning_Coagulation', 'CZ_Gallbladder_Dissection', 'CZ_Cleaning_Coagulation', 'M2_Calot_Triangle_Dissection'}",1718290936,checkpoint_000087,True,False,88,0b53e_00015,2024-06-13_17-02-17,186.87025952339172,16591.585141420364,130616,fb-OMEN-by-HP-45L-Gaming-Desktop-GT22-0xxx,129.69.82.151,16591.585141420364,88
65.20000126957893,5.345254898071289,4.208115858878761,0.78400004,2.8261676,"{'LH_Washing', 'HCH_Galbladder_Packaging', 'HC_Dissection_of_lymph_nodes_and_blood_vessels_en_bloc', 'GR_Development_of_the_plane_between_the_prostate_and_rectum', 'HC_Extra-abdominal_preparation_of_anastomosis', 'HCH_Cleaning_Coagulation', 'GR_Right_pelvic_isolated_lymphadenectomy', 'CA_Lens_implant_setting-up', 'LH_Dividing_Ligament_and_Peritoneum', 'CZ_Gallbladder_Retraction', 'HC_Mobilization_of_sigmoid_colon_and_descending_colon', 'HCH_Preparation', 'HCH_Galbladder_Retraction', 'HC_Mobilization_of_splenic_flexure', 'HC_Mobilization_of_ascending_colon', 'HC_Mobilization_of_transverse_colon', 'LH_Transecting_the_Vagina', 'LH_Dividing_Uterine_Vessels_and_Ligament', 'HC_Intra-abdominal_preparation_of_anastomosis', 'CZ_Gallbladder_Packaging', 'GR_Bladder_neck_reconstruction', 'CA_Hydrodissection', 'CZ_Preparation', 'CA_Tonifying_and_antibiotics', 'LH_Specimen_Removal', 'CZ_Gallbladder_Dissection', 'GR_Prostatic_pedicle_control', 'LH_Preparation', 'CZ_Cleaning_Coagulation', 'HCH_Clipping_Cutting', 'CZ_Calot_Triangle_Dissection', 'CA_Capsule_Polishing', 'GR_Ligation_of_the_deep_dorsal_venous_complex', 'GR_Severing_of_the_prostate_from_the_urethra', 'GR_Bladder_neck_identification_and_transection', 'HCH_Galbladder_Dissection', 'CZ_Clipping_Cutting', 'GR_Idle', 'CA_Viscous_agent_injection', 'HCH_Calot_Triangle_Dissection', 'CA_Incision', 'GR_Seminal_vesicle_dissection', 'GR_Developing_the_Space_of_Retzius'}","{'CZ_Calot_Triangle_Dissection', 'CZ_Gallbladder_Packaging', 'CZ_Gallbladder_Retraction', 'M2_Gallbladder_Retraction', 'CZ_Trocar_Placement', 'CZ_Preparation', 'M2_Trocar_Placement', 'M2_Gallbladder_Dissection', 'M2_Gallbladder_Packaging', 'CZ_Clipping_Cutting', 'M2_Preparation', 'M2_Clipping_Cutting', 'M2_Cleaning_Coagulation', 'CZ_Gallbladder_Dissection', 'CZ_Cleaning_Coagulation', 'M2_Calot_Triangle_Dissection'}",1718291125,checkpoint_000088,True,False,89,0b53e_00015,2024-06-13_17-05-26,189.06147480010986,16780.646616220474,130616,fb-OMEN-by-HP-45L-Gaming-Desktop-GT22-0xxx,129.69.82.151,16780.646616220474,89
73.400001257658,4.886467456817627,3.552090986610115,0.7640001,3.54163,"{'LH_Washing', 'HC_Exception', 'HCH_Galbladder_Packaging', 'HC_Creation_of_stoma', 'CA_Irrigation_and_aspiration', 'HC_Dissection_of_lymph_nodes_and_blood_vessels_en_bloc', 'HC_Dissection_and_resection_of_the_rectum', 'GR_Development_of_the_plane_between_the_prostate_and_rectum', 'GR_Left_pelvic_isolated_lymphadenectomy', 'GR_Right_pelvic_isolated_lymphadenectomy', 'CA_Lens_implant_setting-up', 'LH_Dividing_Ligament_and_Peritoneum', 'CZ_Gallbladder_Retraction', 'LH_Suturing', 'HC_Mobilization_of_sigmoid_colon_and_descending_colon', 'HCH_Preparation', 'HCH_Galbladder_Retraction', 'HC_Mobilization_of_splenic_flexure', 'HC_Mobilization_of_ascending_colon', 'HC_Retroperitoneal_preparation_towards_lower_pancreatic_border', 'HC_Mobilization_of_transverse_colon', 'LH_Transecting_the_Vagina', 'LH_Dividing_Uterine_Vessels_and_Ligament', 'HC_Intra-abdominal_preparation_of_anastomosis', 'CZ_Gallbladder_Packaging', 'GR_Bladder_neck_reconstruction', 'CA_Hydrodissection', 'CZ_Preparation', 'CA_Tonifying_and_antibiotics', 'LH_Specimen_Removal', 'CZ_Gallbladder_Dissection', 'CA_Rhexis', 'LH_Preparation', 'CZ_Cleaning_Coagulation', 'HCH_Clipping_Cutting', 'CZ_Calot_Triangle_Dissection', 'CA_Capsule_Polishing', 'HC_Retroperitoneal_preparation_of_duodenum_and_pancreatic_head', 'HCH_Galbladder_Dissection', 'CZ_Clipping_Cutting', 'GR_Idle', 'CA_Viscous_agent_injection', 'HCH_Calot_Triangle_Dissection', 'CA_Incision', 'GR_Seminal_vesicle_dissection', 'GR_Developing_the_Space_of_Retzius'}","{'CZ_Calot_Triangle_Dissection', 'CZ_Gallbladder_Packaging', 'CZ_Gallbladder_Retraction', 'M2_Gallbladder_Retraction', 'CZ_Trocar_Placement', 'CZ_Preparation', 'M2_Trocar_Placement', 'M2_Gallbladder_Dissection', 'M2_Gallbladder_Packaging', 'CZ_Clipping_Cutting', 'M2_Preparation', 'M2_Clipping_Cutting', 'M2_Cleaning_Coagulation', 'CZ_Gallbladder_Dissection', 'CZ_Cleaning_Coagulation', 'M2_Calot_Triangle_Dissection'}",1718291315,checkpoint_000089,True,False,90,0b53e_00015,2024-06-13_17-08-35,189.69875526428223,16970.345371484756,130616,fb-OMEN-by-HP-45L-Gaming-Desktop-GT22-0xxx,129.69.82.151,16970.345371484756,90
73.60000120103359,4.443827152252197,3.7138766842960664,0.74200004,3.2965896,"{'HC_Exception', 'HCH_Galbladder_Packaging', 'HC_Creation_of_stoma', 'HC_Dissection_and_resection_of_the_rectum', 'CA_Phacoemulsificiation', 'HC_Extra-abdominal_preparation_of_anastomosis', 'HCH_Cleaning_Coagulation', 'GR_Right_pelvic_isolated_lymphadenectomy', 'CA_Lens_implant_setting-up', 'HC_General_preparation_and_orientation_in_the_abdomen', 'LH_Dividing_Ligament_and_Peritoneum', 'CZ_Gallbladder_Retraction', 'LH_Suturing', 'HC_Mobilization_of_sigmoid_colon_and_descending_colon', 'HCH_Galbladder_Retraction', 'HC_Mobilization_of_splenic_flexure', 'HC_Mobilization_of_ascending_colon', 'HC_Retroperitoneal_preparation_towards_lower_pancreatic_border', 'HC_Mobilization_of_transverse_colon', 'LH_Transecting_the_Vagina', 'HC_Intra-abdominal_preparation_of_anastomosis', 'CZ_Gallbladder_Packaging', 'GR_Bladder_neck_reconstruction', 'CA_Hydrodissection', 'CZ_Preparation', 'CA_Tonifying_and_antibiotics', 'LH_Specimen_Removal', 'CZ_Gallbladder_Dissection', 'CA_Rhexis', 'LH_Preparation', 'GR_Prostatic_pedicle_control', 'CZ_Cleaning_Coagulation', 'HCH_Clipping_Cutting', 'CZ_Calot_Triangle_Dissection', 'CA_Capsule_Polishing', 'HC_Retroperitoneal_preparation_of_duodenum_and_pancreatic_head', 'HC_Finalization_of_operation', 'GR_Ligation_of_the_deep_dorsal_venous_complex', 'GR_Severing_of_the_prostate_from_the_urethra', 'HCH_Galbladder_Dissection', 'CZ_Clipping_Cutting', 'GR_Idle', 'CA_Viscous_agent_injection', 'HCH_Calot_Triangle_Dissection', 'CA_Incision', 'GR_Seminal_vesicle_dissection', 'GR_Developing_the_Space_of_Retzius'}","{'CZ_Calot_Triangle_Dissection', 'CZ_Gallbladder_Packaging', 'CZ_Gallbladder_Retraction', 'M2_Gallbladder_Retraction', 'CZ_Trocar_Placement', 'CZ_Preparation', 'M2_Trocar_Placement', 'M2_Gallbladder_Dissection', 'M2_Gallbladder_Packaging', 'CZ_Clipping_Cutting', 'M2_Preparation', 'M2_Clipping_Cutting', 'M2_Cleaning_Coagulation', 'CZ_Gallbladder_Dissection', 'CZ_Cleaning_Coagulation', 'M2_Calot_Triangle_Dissection'}",1718291504,checkpoint_000090,True,False,91,0b53e_00015,2024-06-13_17-11-44,188.9884934425354,17159.333864927292,130616,fb-OMEN-by-HP-45L-Gaming-Desktop-GT22-0xxx,129.69.82.151,17159.333864927292,91
66.80000124871731,6.530058860778809,4.302010204623998,0.7380001,3.4287717,"{'LH_Washing', 'HC_Exception', 'HCH_Galbladder_Packaging', 'HC_Creation_of_stoma', 'CA_Irrigation_and_aspiration', 'HC_Dissection_of_lymph_nodes_and_blood_vessels_en_bloc', 'HC_Dissection_and_resection_of_the_rectum', 'GR_Development_of_the_plane_between_the_prostate_and_rectum', 'GR_Left_pelvic_isolated_lymphadenectomy', 'HC_Extra-abdominal_preparation_of_anastomosis', 'HCH_Cleaning_Coagulation', 'CA_Lens_implant_setting-up', 'HC_General_preparation_and_orientation_in_the_abdomen', 'CA_Viscous_agent_removal', 'LH_Dividing_Ligament_and_Peritoneum', 'CZ_Gallbladder_Retraction', 'LH_Suturing', 'HCH_Preparation', 'HCH_Galbladder_Retraction', 'HC_Mobilization_of_splenic_flexure', 'HC_Retroperitoneal_preparation_towards_lower_pancreatic_border', 'HC_Mobilization_of_transverse_colon', 'LH_Transecting_the_Vagina', 'LH_Dividing_Uterine_Vessels_and_Ligament', 'HC_Intra-abdominal_preparation_of_anastomosis', 'CZ_Gallbladder_Packaging', 'GR_Bladder_neck_reconstruction', 'CZ_Preparation', 'CA_Tonifying_and_antibiotics', 'LH_Specimen_Removal', 'CZ_Gallbladder_Dissection', 'CA_Rhexis', 'GR_Prostatic_pedicle_control', 'HCH_Clipping_Cutting', 'CZ_Calot_Triangle_Dissection', 'CA_Capsule_Polishing', 'HC_Retroperitoneal_preparation_of_duodenum_and_pancreatic_head', 'GR_Severing_of_the_prostate_from_the_urethra', 'GR_Bladder_neck_identification_and_transection', 'CZ_Clipping_Cutting', 'CA_Viscous_agent_injection', 'HCH_Calot_Triangle_Dissection', 'CA_Incision', 'GR_Developing_the_Space_of_Retzius'}","{'CZ_Calot_Triangle_Dissection', 'CZ_Gallbladder_Packaging', 'CZ_Gallbladder_Retraction', 'M2_Gallbladder_Retraction', 'CZ_Trocar_Placement', 'CZ_Preparation', 'M2_Trocar_Placement', 'M2_Gallbladder_Dissection', 'M2_Gallbladder_Packaging', 'CZ_Clipping_Cutting', 'M2_Preparation', 'M2_Clipping_Cutting', 'M2_Cleaning_Coagulation', 'CZ_Gallbladder_Dissection', 'CZ_Cleaning_Coagulation', 'M2_Calot_Triangle_Dissection'}",1718291692,checkpoint_000091,True,False,92,0b53e_00015,2024-06-13_17-14-53,188.26129269599915,17347.59515762329,130616,fb-OMEN-by-HP-45L-Gaming-Desktop-GT22-0xxx,129.69.82.151,17347.59515762329,92
70.00000123679638,4.647443771362305,3.8607522016640194,0.75600016,3.1775718,"{'LH_Washing', 'HC_Exception', 'HCH_Galbladder_Packaging', 'HC_Creation_of_stoma', 'GR_Development_of_the_plane_between_the_prostate_and_rectum', 'CA_Phacoemulsificiation', 'GR_Left_pelvic_isolated_lymphadenectomy', 'HCH_Cleaning_Coagulation', 'GR_Right_pelvic_isolated_lymphadenectomy', 'CZ_Gallbladder_Retraction', 'LH_Suturing', 'HC_Mobilization_of_sigmoid_colon_and_descending_colon', 'HCH_Preparation', 'HCH_Galbladder_Retraction', 'HC_Mobilization_of_splenic_flexure', 'HC_Mobilization_of_ascending_colon', 'HC_Retroperitoneal_preparation_towards_lower_pancreatic_border', 'HC_Mobilization_of_transverse_colon', 'LH_Transecting_the_Vagina', 'LH_Dividing_Uterine_Vessels_and_Ligament', 'HC_Intra-abdominal_preparation_of_anastomosis', 'CZ_Gallbladder_Packaging', 'GR_Bladder_neck_reconstruction', 'CA_Hydrodissection', 'CZ_Preparation', 'CA_Tonifying_and_antibiotics', 'LH_Specimen_Removal', 'CZ_Gallbladder_Dissection', 'CA_Rhexis', 'LH_Preparation', 'GR_Prostatic_pedicle_control', 'CZ_Cleaning_Coagulation', 'HCH_Clipping_Cutting', 'CZ_Calot_Triangle_Dissection', 'CA_Capsule_Polishing', 'HC_Retroperitoneal_preparation_of_duodenum_and_pancreatic_head', 'HC_Finalization_of_operation', 'GR_Ligation_of_the_deep_dorsal_venous_complex', 'GR_Bladder_neck_identification_and_transection', 'HCH_Galbladder_Dissection', 'CZ_Clipping_Cutting', 'GR_Idle', 'HCH_Calot_Triangle_Dissection', 'CA_Incision', 'GR_Seminal_vesicle_dissection'}","{'CZ_Calot_Triangle_Dissection', 'CZ_Gallbladder_Packaging', 'CZ_Gallbladder_Retraction', 'M2_Gallbladder_Retraction', 'CZ_Trocar_Placement', 'CZ_Preparation', 'M2_Trocar_Placement', 'M2_Gallbladder_Dissection', 'M2_Gallbladder_Packaging', 'CZ_Clipping_Cutting', 'M2_Preparation', 'M2_Clipping_Cutting', 'M2_Cleaning_Coagulation', 'CZ_Gallbladder_Dissection', 'CZ_Cleaning_Coagulation', 'M2_Calot_Triangle_Dissection'}",1718291881,checkpoint_000092,True,False,93,0b53e_00015,2024-06-13_17-18-01,188.44460797309875,17536.03976559639,130616,fb-OMEN-by-HP-45L-Gaming-Desktop-GT22-0xxx,129.69.82.151,17536.03976559639,93
73.20000119507313,6.369352340698242,3.7689122700088307,0.74000007,3.3423872,"{'LH_Washing', 'HC_Exception', 'HC_Creation_of_stoma', 'HC_Dissection_and_resection_of_the_rectum', 'GR_Development_of_the_plane_between_the_prostate_and_rectum', 'CA_Phacoemulsificiation', 'GR_Left_pelvic_isolated_lymphadenectomy', 'HC_Extra-abdominal_preparation_of_anastomosis', 'HCH_Cleaning_Coagulation', 'GR_Right_pelvic_isolated_lymphadenectomy', 'HC_General_preparation_and_orientation_in_the_abdomen', 'CA_Viscous_agent_removal', 'LH_Dividing_Ligament_and_Peritoneum', 'CZ_Gallbladder_Retraction', 'LH_Suturing', 'HC_Mobilization_of_sigmoid_colon_and_descending_colon', 'HCH_Preparation', 'HCH_Galbladder_Retraction', 'HC_Mobilization_of_splenic_flexure', 'HC_Mobilization_of_transverse_colon', 'LH_Transecting_the_Vagina', 'LH_Dividing_Uterine_Vessels_and_Ligament', 'HC_Intra-abdominal_preparation_of_anastomosis', 'CZ_Gallbladder_Packaging', 'GR_Bladder_neck_reconstruction', 'CZ_Preparation', 'CA_Tonifying_and_antibiotics', 'LH_Specimen_Removal', 'CZ_Gallbladder_Dissection', 'CA_Rhexis', 'LH_Preparation', 'GR_Prostatic_pedicle_control', 'CZ_Cleaning_Coagulation', 'HCH_Clipping_Cutting', 'CZ_Calot_Triangle_Dissection', 'CA_Capsule_Polishing', 'HC_Retroperitoneal_preparation_of_duodenum_and_pancreatic_head', 'GR_Ligation_of_the_deep_dorsal_venous_complex', 'GR_Severing_of_the_prostate_from_the_urethra', 'GR_Bladder_neck_identification_and_transection', 'HCH_Galbladder_Dissection', 'CZ_Clipping_Cutting', 'GR_Idle', 'CA_Viscous_agent_injection', 'HC_Finalization_of_operation', 'CA_Incision', 'GR_Seminal_vesicle_dissection', 'GR_Developing_the_Space_of_Retzius'}","{'CZ_Calot_Triangle_Dissection', 'CZ_Gallbladder_Packaging', 'CZ_Gallbladder_Retraction', 'M2_Gallbladder_Retraction', 'CZ_Trocar_Placement', 'CZ_Preparation', 'M2_Trocar_Placement', 'M2_Gallbladder_Dissection', 'M2_Gallbladder_Packaging', 'CZ_Clipping_Cutting', 'M2_Preparation', 'M2_Clipping_Cutting', 'M2_Cleaning_Coagulation', 'CZ_Gallbladder_Dissection', 'CZ_Cleaning_Coagulation', 'M2_Calot_Triangle_Dissection'}",1718292070,checkpoint_000093,True,False,94,0b53e_00015,2024-06-13_17-21-10,188.99544048309326,17725.035206079483,130616,fb-OMEN-by-HP-45L-Gaming-Desktop-GT22-0xxx,129.69.82.151,17725.035206079483,94
72.00000132620335,4.909390926361084,3.4620502047049904,0.7840001,2.6999874,"{'LH_Washing', 'HC_Exception', 'HCH_Galbladder_Packaging', 'GR_Development_of_the_plane_between_the_prostate_and_rectum', 'GR_Left_pelvic_isolated_lymphadenectomy', 'HCH_Cleaning_Coagulation', 'GR_Right_pelvic_isolated_lymphadenectomy', 'CA_Lens_implant_setting-up', 'HC_General_preparation_and_orientation_in_the_abdomen', 'CA_Viscous_agent_removal', 'LH_Dividing_Ligament_and_Peritoneum', 'CZ_Gallbladder_Retraction', 'LH_Suturing', 'HC_Mobilization_of_sigmoid_colon_and_descending_colon', 'HCH_Preparation', 'HCH_Galbladder_Retraction', 'HC_Mobilization_of_splenic_flexure', 'HC_Mobilization_of_ascending_colon', 'HC_Retroperitoneal_preparation_towards_lower_pancreatic_border', 'HC_Mobilization_of_transverse_colon', 'LH_Transecting_the_Vagina', 'LH_Dividing_Uterine_Vessels_and_Ligament', 'CZ_Gallbladder_Packaging', 'CA_Hydrodissection', 'CA_Tonifying_and_antibiotics', 'LH_Specimen_Removal', 'CZ_Gallbladder_Dissection', 'GR_Prostatic_pedicle_control', 'LH_Preparation', 'CZ_Cleaning_Coagulation', 'HCH_Clipping_Cutting', 'CZ_Calot_Triangle_Dissection', 'CA_Capsule_Polishing', 'HC_Retroperitoneal_preparation_of_duodenum_and_pancreatic_head', 'GR_Ligation_of_the_deep_dorsal_venous_complex', 'GR_Severing_of_the_prostate_from_the_urethra', 'GR_Bladder_neck_identification_and_transection', 'HCH_Galbladder_Dissection', 'CZ_Clipping_Cutting', 'GR_Idle', 'CA_Viscous_agent_injection', 'HCH_Calot_Triangle_Dissection', 'GR_Seminal_vesicle_dissection', 'GR_Developing_the_Space_of_Retzius'}","{'CZ_Calot_Triangle_Dissection', 'CZ_Gallbladder_Packaging', 'CZ_Gallbladder_Retraction', 'M2_Gallbladder_Retraction', 'CZ_Trocar_Placement', 'CZ_Preparation', 'M2_Trocar_Placement', 'M2_Gallbladder_Dissection', 'M2_Gallbladder_Packaging', 'CZ_Clipping_Cutting', 'M2_Preparation', 'M2_Clipping_Cutting', 'M2_Cleaning_Coagulation', 'CZ_Gallbladder_Dissection', 'CZ_Cleaning_Coagulation', 'M2_Calot_Triangle_Dissection'}",1718292259,checkpoint_000094,True,False,95,0b53e_00015,2024-06-13_17-24-19,189.09552764892578,17914.13073372841,130616,fb-OMEN-by-HP-45L-Gaming-Desktop-GT22-0xxx,129.69.82.151,17914.13073372841,95
72.40000122785568,4.171562194824219,3.87188058040349,0.802,2.4720364,"{'LH_Washing', 'HC_Exception', 'HCH_Galbladder_Packaging', 'HC_Creation_of_stoma', 'HC_Dissection_of_lymph_nodes_and_blood_vessels_en_bloc', 'HC_Dissection_and_resection_of_the_rectum', 'GR_Development_of_the_plane_between_the_prostate_and_rectum', 'HC_Extra-abdominal_preparation_of_anastomosis', 'HCH_Cleaning_Coagulation', 'HC_General_preparation_and_orientation_in_the_abdomen', 'CA_Viscous_agent_removal', 'LH_Dividing_Ligament_and_Peritoneum', 'CZ_Gallbladder_Retraction', 'LH_Suturing', 'HCH_Galbladder_Retraction', 'HC_Mobilization_of_ascending_colon', 'HC_Mobilization_of_transverse_colon', 'LH_Transecting_the_Vagina', 'LH_Dividing_Uterine_Vessels_and_Ligament', 'CZ_Gallbladder_Packaging', 'GR_Bladder_neck_reconstruction', 'CA_Hydrodissection', 'CZ_Preparation', 'CA_Tonifying_and_antibiotics', 'LH_Specimen_Removal', 'CZ_Gallbladder_Dissection', 'CA_Rhexis', 'LH_Preparation', 'GR_Prostatic_pedicle_control', 'CZ_Cleaning_Coagulation', 'HCH_Clipping_Cutting', 'CZ_Calot_Triangle_Dissection', 'CA_Capsule_Polishing', 'HC_Retroperitoneal_preparation_of_duodenum_and_pancreatic_head', 'GR_Ligation_of_the_deep_dorsal_venous_complex', 'GR_Severing_of_the_prostate_from_the_urethra', 'GR_Bladder_neck_identification_and_transection', 'HCH_Galbladder_Dissection', 'CZ_Clipping_Cutting', 'CA_Viscous_agent_injection', 'HCH_Calot_Triangle_Dissection', 'CA_Incision', 'GR_Seminal_vesicle_dissection', 'GR_Developing_the_Space_of_Retzius'}","{'CZ_Calot_Triangle_Dissection', 'CZ_Gallbladder_Packaging', 'CZ_Gallbladder_Retraction', 'M2_Gallbladder_Retraction', 'CZ_Trocar_Placement', 'CZ_Preparation', 'M2_Trocar_Placement', 'M2_Gallbladder_Dissection', 'M2_Gallbladder_Packaging', 'CZ_Clipping_Cutting', 'M2_Preparation', 'M2_Clipping_Cutting', 'M2_Cleaning_Coagulation', 'CZ_Gallbladder_Dissection', 'CZ_Cleaning_Coagulation', 'M2_Calot_Triangle_Dissection'}",1718292448,checkpoint_000095,True,False,96,0b53e_00015,2024-06-13_17-27-28,188.69175553321838,18102.822489261627,130616,fb-OMEN-by-HP-45L-Gaming-Desktop-GT22-0xxx,129.69.82.151,18102.822489261627,96
67.00000141561031,5.267604351043701,3.478654879386274,0.764,2.9644592,"{'LH_Washing', 'HC_Exception', 'HCH_Galbladder_Packaging', 'CA_Irrigation_and_aspiration', 'HC_Dissection_of_lymph_nodes_and_blood_vessels_en_bloc', 'HC_Dissection_and_resection_of_the_rectum', 'CA_Phacoemulsificiation', 'GR_Left_pelvic_isolated_lymphadenectomy', 'HCH_Cleaning_Coagulation', 'GR_Right_pelvic_isolated_lymphadenectomy', 'CA_Lens_implant_setting-up', 'HC_General_preparation_and_orientation_in_the_abdomen', 'CA_Viscous_agent_removal', 'LH_Dividing_Ligament_and_Peritoneum', 'LH_Suturing', 'HC_Mobilization_of_sigmoid_colon_and_descending_colon', 'HCH_Preparation', 'HCH_Galbladder_Retraction', 'HC_Mobilization_of_splenic_flexure', 'HC_Mobilization_of_ascending_colon', 'HC_Retroperitoneal_preparation_towards_lower_pancreatic_border', 'HC_Mobilization_of_transverse_colon', 'LH_Transecting_the_Vagina', 'LH_Dividing_Uterine_Vessels_and_Ligament', 'HC_Intra-abdominal_preparation_of_anastomosis', 'CZ_Gallbladder_Packaging', 'CA_Hydrodissection', 'CZ_Preparation', 'CA_Tonifying_and_antibiotics', 'LH_Specimen_Removal', 'CZ_Gallbladder_Dissection', 'GR_Prostatic_pedicle_control', 'LH_Preparation', 'CZ_Cleaning_Coagulation', 'CZ_Calot_Triangle_Dissection', 'HC_Retroperitoneal_preparation_of_duodenum_and_pancreatic_head', 'GR_Ligation_of_the_deep_dorsal_venous_complex', 'GR_Severing_of_the_prostate_from_the_urethra', 'GR_Bladder_neck_identification_and_transection', 'HCH_Galbladder_Dissection', 'CZ_Clipping_Cutting', 'CA_Viscous_agent_injection', 'HCH_Calot_Triangle_Dissection', 'GR_Seminal_vesicle_dissection', 'GR_Developing_the_Space_of_Retzius'}","{'CZ_Calot_Triangle_Dissection', 'CZ_Gallbladder_Packaging', 'CZ_Gallbladder_Retraction', 'M2_Gallbladder_Retraction', 'CZ_Trocar_Placement', 'CZ_Preparation', 'M2_Trocar_Placement', 'M2_Gallbladder_Dissection', 'M2_Gallbladder_Packaging', 'CZ_Clipping_Cutting', 'M2_Preparation', 'M2_Clipping_Cutting', 'M2_Cleaning_Coagulation', 'CZ_Gallbladder_Dissection', 'CZ_Cleaning_Coagulation', 'M2_Calot_Triangle_Dissection'}",1718292636,checkpoint_000096,True,False,97,0b53e_00015,2024-06-13_17-30-37,188.64579129219055,18291.468280553818,130616,fb-OMEN-by-HP-45L-Gaming-Desktop-GT22-0xxx,129.69.82.151,18291.468280553818,97
70.00000135600567,5.928791522979736,3.7803110319840023,0.774,2.8156116,"{'LH_Washing', 'HC_Exception', 'HCH_Galbladder_Packaging', 'HC_Creation_of_stoma', 'CA_Irrigation_and_aspiration', 'HC_Dissection_and_resection_of_the_rectum', 'GR_Development_of_the_plane_between_the_prostate_and_rectum', 'CA_Phacoemulsificiation', 'GR_Left_pelvic_isolated_lymphadenectomy', 'HC_Extra-abdominal_preparation_of_anastomosis', 'GR_Right_pelvic_isolated_lymphadenectomy', 'CA_Lens_implant_setting-up', 'HC_General_preparation_and_orientation_in_the_abdomen', 'CA_Viscous_agent_removal', 'LH_Dividing_Ligament_and_Peritoneum', 'CZ_Gallbladder_Retraction', 'LH_Suturing', 'HCH_Preparation', 'HCH_Galbladder_Retraction', 'HC_Mobilization_of_ascending_colon', 'HC_Retroperitoneal_preparation_towards_lower_pancreatic_border', 'HC_Mobilization_of_transverse_colon', 'LH_Transecting_the_Vagina', 'LH_Dividing_Uterine_Vessels_and_Ligament', 'GR_Bladder_neck_reconstruction', 'CZ_Preparation', 'CA_Tonifying_and_antibiotics', 'LH_Specimen_Removal', 'CZ_Gallbladder_Dissection', 'CA_Rhexis', 'LH_Preparation', 'GR_Prostatic_pedicle_control', 'CZ_Cleaning_Coagulation', 'HCH_Clipping_Cutting', 'CZ_Calot_Triangle_Dissection', 'CA_Capsule_Polishing', 'HC_Retroperitoneal_preparation_of_duodenum_and_pancreatic_head', 'HC_Finalization_of_operation', 'GR_Severing_of_the_prostate_from_the_urethra', 'HCH_Galbladder_Dissection', 'CZ_Clipping_Cutting', 'CA_Viscous_agent_injection', 'HCH_Calot_Triangle_Dissection', 'CA_Incision', 'GR_Seminal_vesicle_dissection', 'GR_Developing_the_Space_of_Retzius'}","{'CZ_Calot_Triangle_Dissection', 'CZ_Gallbladder_Packaging', 'CZ_Gallbladder_Retraction', 'M2_Gallbladder_Retraction', 'CZ_Trocar_Placement', 'CZ_Preparation', 'M2_Trocar_Placement', 'M2_Gallbladder_Dissection', 'M2_Gallbladder_Packaging', 'CZ_Clipping_Cutting', 'M2_Preparation', 'M2_Clipping_Cutting', 'M2_Cleaning_Coagulation', 'CZ_Gallbladder_Dissection', 'CZ_Cleaning_Coagulation', 'M2_Calot_Triangle_Dissection'}",1718292825,checkpoint_000097,True,False,98,0b53e_00015,2024-06-13_17-33-45,188.62005829811096,18480.08833885193,130616,fb-OMEN-by-HP-45L-Gaming-Desktop-GT22-0xxx,129.69.82.151,18480.08833885193,98
73.00000123679638,6.206138610839844,3.7752265430831597,0.83800006,2.0304956,"{'LH_Washing', 'HCH_Galbladder_Packaging', 'HC_Dissection_of_lymph_nodes_and_blood_vessels_en_bloc', 'CA_Phacoemulsificiation', 'GR_Left_pelvic_isolated_lymphadenectomy', 'HCH_Cleaning_Coagulation', 'CA_Lens_implant_setting-up', 'CA_Viscous_agent_removal', 'LH_Dividing_Ligament_and_Peritoneum', 'CZ_Gallbladder_Retraction', 'LH_Suturing', 'HCH_Preparation', 'HCH_Galbladder_Retraction', 'HC_Mobilization_of_splenic_flexure', 'HC_Retroperitoneal_preparation_towards_lower_pancreatic_border', 'HC_Mobilization_of_transverse_colon', 'LH_Transecting_the_Vagina', 'LH_Dividing_Uterine_Vessels_and_Ligament', 'HC_Intra-abdominal_preparation_of_anastomosis', 'CZ_Gallbladder_Packaging', 'GR_Bladder_neck_reconstruction', 'CA_Hydrodissection', 'CZ_Preparation', 'CA_Tonifying_and_antibiotics', 'LH_Specimen_Removal', 'CZ_Gallbladder_Dissection', 'CA_Rhexis', 'LH_Preparation', 'GR_Prostatic_pedicle_control', 'CZ_Cleaning_Coagulation', 'HCH_Clipping_Cutting', 'CZ_Calot_Triangle_Dissection', 'CA_Capsule_Polishing', 'HC_Retroperitoneal_preparation_of_duodenum_and_pancreatic_head', 'GR_Ligation_of_the_deep_dorsal_venous_complex', 'GR_Severing_of_the_prostate_from_the_urethra', 'GR_Bladder_neck_identification_and_transection', 'HCH_Galbladder_Dissection', 'CZ_Clipping_Cutting', 'GR_Idle', 'CA_Viscous_agent_injection', 'HCH_Calot_Triangle_Dissection', 'CA_Incision', 'GR_Seminal_vesicle_dissection', 'GR_Developing_the_Space_of_Retzius'}","{'CZ_Calot_Triangle_Dissection', 'CZ_Gallbladder_Packaging', 'CZ_Gallbladder_Retraction', 'M2_Gallbladder_Retraction', 'CZ_Trocar_Placement', 'CZ_Preparation', 'M2_Trocar_Placement', 'M2_Gallbladder_Dissection', 'M2_Gallbladder_Packaging', 'CZ_Clipping_Cutting', 'M2_Preparation', 'M2_Clipping_Cutting', 'M2_Cleaning_Coagulation', 'CZ_Gallbladder_Dissection', 'CZ_Cleaning_Coagulation', 'M2_Calot_Triangle_Dissection'}",1718293014,checkpoint_000098,True,False,99,0b53e_00015,2024-06-13_17-36-54,188.69858026504517,18668.786919116974,130616,fb-OMEN-by-HP-45L-Gaming-Desktop-GT22-0xxx,129.69.82.151,18668.786919116974,99
69.60000142455101,5.033307075500488,3.61321088537306,0.804,2.8020687,"{'LH_Washing', 'HC_Exception', 'HCH_Galbladder_Packaging', 'HC_Creation_of_stoma', 'CA_Irrigation_and_aspiration', 'HC_Dissection_of_lymph_nodes_and_blood_vessels_en_bloc', 'HC_Dissection_and_resection_of_the_rectum', 'GR_Development_of_the_plane_between_the_prostate_and_rectum', 'CA_Phacoemulsificiation', 'GR_Left_pelvic_isolated_lymphadenectomy', 'HCH_Cleaning_Coagulation', 'GR_Right_pelvic_isolated_lymphadenectomy', 'HC_General_preparation_and_orientation_in_the_abdomen', 'LH_Dividing_Ligament_and_Peritoneum', 'CZ_Gallbladder_Retraction', 'LH_Suturing', 'HCH_Preparation', 'HCH_Galbladder_Retraction', 'HC_Retroperitoneal_preparation_towards_lower_pancreatic_border', 'HC_Mobilization_of_transverse_colon', 'LH_Dividing_Uterine_Vessels_and_Ligament', 'GR_Bladder_neck_reconstruction', 'CA_Hydrodissection', 'CZ_Preparation', 'CA_Tonifying_and_antibiotics', 'LH_Specimen_Removal', 'CZ_Gallbladder_Dissection', 'CA_Rhexis', 'LH_Preparation', 'GR_Prostatic_pedicle_control', 'CZ_Cleaning_Coagulation', 'HCH_Clipping_Cutting', 'CZ_Calot_Triangle_Dissection', 'CA_Capsule_Polishing', 'HC_Retroperitoneal_preparation_of_duodenum_and_pancreatic_head', 'HC_Finalization_of_operation', 'GR_Ligation_of_the_deep_dorsal_venous_complex', 'GR_Severing_of_the_prostate_from_the_urethra', 'GR_Bladder_neck_identification_and_transection', 'HCH_Galbladder_Dissection', 'CZ_Clipping_Cutting', 'CA_Viscous_agent_injection', 'HCH_Calot_Triangle_Dissection', 'GR_Seminal_vesicle_dissection'}","{'CZ_Calot_Triangle_Dissection', 'CZ_Gallbladder_Packaging', 'CZ_Gallbladder_Retraction', 'M2_Gallbladder_Retraction', 'CZ_Trocar_Placement', 'CZ_Preparation', 'M2_Trocar_Placement', 'M2_Gallbladder_Dissection', 'M2_Gallbladder_Packaging', 'CZ_Clipping_Cutting', 'M2_Preparation', 'M2_Clipping_Cutting', 'M2_Cleaning_Coagulation', 'CZ_Gallbladder_Dissection', 'CZ_Cleaning_Coagulation', 'M2_Calot_Triangle_Dissection'}",1718293203,checkpoint_000099,True,False,100,0b53e_00015,2024-06-13_17-40-04,189.7332901954651,18858.52020931244,130616,fb-OMEN-by-HP-45L-Gaming-Desktop-GT22-0xxx,129.69.82.151,18858.52020931244,100
73.60000120103359,4.443827152252197,,,,,,1718293210,,,False,101,0b53e_00015,2024-06-13_17-40-10,6.658126354217529,18865.178335666656,130616,fb-OMEN-by-HP-45L-Gaming-Desktop-GT22-0xxx,129.69.82.151,18865.178335666656,101
